Lickitung
      [38;2;0;0;0m▄[0m[38;2;0;0;0m▄[0m[48;2;0;0;0m[38;2;244;246;35m▄[0m[48;2;0;0;0m[38;2;244;246;35m▄[0m[48;2;0;0;0m[38;2;244;246;35m▄[0m[38;2;0;0;0m▄[0m[38;2;0;0;0m▄[0m  [38;2;0;0;0m▄[0m[38;2;0;0;0m▄[0m[38;2;0;0;0m▄[0m     
  [38;2;0;0;0m▄[0m[38;2;0;0;0m▄[0m[38;2;0;0;0m▄[0m[48;2;0;0;0m[38;2;65;65;65m▄[0m[48;2;244;246;35m[38;2;226;222;22m▄[0m[48;2;244;246;35m[38;2;244;246;35m▄[0m[48;2;244;246;35m[38;2;244;246;35m▄[0m[48;2;244;246;35m[38;2;244;246;35m▄[0m[48;2;244;246;35m[38;2;255;255;255m▄[0m[48;2;244;246;35m[38;2;65;65;65m▄[0m[48;2;244;246;35m[38;2;226;222;22m▄[0m[48;2;0;0;0m[38;2;226;222;22m▄[0m[48;2;0;0;0m[38;2;65;65;65m▄[0m[48;2;226;222;22m[38;2;226;222;22m▄[0m[48;2;226;222;22m[38;2;226;222;22m▄[0m[48;2;181;166;10m[38;2;226;222;22m▄[0m[48;2;0;0;0m[38;2;181;166;10m▄[0m[48;2;0;0;0m[38;2;181;166;10m▄[0m[38;2;0;0;0m▄[0m  
[38;2;0;0;0m▄[0m[48;2;0;0;0m[38;2;181;166;10m▄[0m[48;2;181;166;10m[38;2;181;166;10m▄[0m[48;2;181;166;10m[38;2;181;166;10m▄[0m[48;2;65;65;65m[38;2;65;65;65m▄[0m[48;2;226;222;22m[38;2;181;166;10m▄[0m[48;2;226;222;22m[38;2;226;222;22m▄[0m[48;2;148;153;1m[38;2;226;222;22m▄[0m[48;2;226;222;22m[38;2;226;222;22m▄[0m[48;2;226;222;22m[38;2;226;222;22m▄[0m[48;2;0;0;0m[38;2;226;222;22m▄[0m[48;2;145;145;145m[38;2;226;222;22m▄[0m[48;2;226;222;22m[38;2;226;222;22m▄[0m[48;2;226;222;22m[38;2;226;222;22m▄[0m[48;2;65;65;65m[38;2;181;166;10m▄[0m[48;2;226;222;22m[38;2;65;65;65m▄[0m[48;2;226;222;22m[38;2;226;222;22m▄[0m[48;2;226;222;22m[38;2;181;166;10m▄[0m[48;2;65;65;65m[38;2;181;166;10m▄[0m[48;2;181;166;10m[38;2;65;65;65m▄[0m[48;2;0;0;0m[38;2;181;166;10m▄[0m[38;2;0;0;0m▄[0m 
[38;2;0;0;0m▀[0m[48;2;181;166;10m[38;2;0;0;0m▄[0m[48;2;181;166;10m[38;2;206;197;197m▄[0m[48;2;181;166;10m[38;2;0;0;0m▄[0m[48;2;181;166;10m[38;2;0;0;0m▄[0m[48;2;65;65;65m[38;2;233;222;83m▄[0m[48;2;181;166;10m[38;2;65;65;65m▄[0m[48;2;226;222;22m[38;2;65;65;65m▄[0m[48;2;181;166;10m[38;2;65;65;65m▄[0m[48;2;65;65;65m[38;2;65;65;65m▄[0m[48;2;65;65;65m[38;2;65;65;65m▄[0m[48;2;181;166;10m[38;2;65;65;65m▄[0m[48;2;226;222;22m[38;2;181;166;10m▄[0m[48;2;181;166;10m[38;2;181;166;10m▄[0m[48;2;181;166;10m[38;2;181;166;10m▄[0m[48;2;65;65;65m[38;2;226;222;22m▄[0m[48;2;181;166;10m[38;2;65;65;65m▄[0m[48;2;181;166;10m[38;2;65;65;65m▄[0m[48;2;181;166;10m[38;2;181;166;10m▄[0m[48;2;65;65;65m[38;2;181;166;10m▄[0m[48;2;181;166;10m[38;2;0;0;0m▄[0m[48;2;181;166;10m[38;2;0;0;0m▄[0m[38;2;0;0;0m▀[0m
  [38;2;0;0;0m▀[0m [38;2;0;0;0m▄[0m[48;2;0;0;0m[38;2;190;88;106m▄[0m[48;2;65;65;65m[38;2;240;98;117m▄[0m[48;2;190;88;106m[38;2;190;88;106m▄[0m[48;2;65;65;65m[38;2;190;88;106m▄[0m[48;2;190;88;106m[38;2;190;88;106m▄[0m[48;2;190;88;106m[38;2;190;88;106m▄[0m[48;2;65;65;65m[38;2;233;222;83m▄[0m[48;2;233;222;83m[38;2;233;222;83m▄[0m[48;2;181;166;10m[38;2;181;166;10m▄[0m[48;2;181;166;10m[38;2;226;222;22m▄[0m[48;2;226;222;22m[38;2;226;222;22m▄[0m[48;2;226;222;22m[38;2;226;222;22m▄[0m[48;2;226;222;22m[38;2;226;222;22m▄[0m[48;2;65;65;65m[38;2;226;222;22m▄[0m[48;2;181;166;10m[38;2;0;0;0m▄[0m[38;2;0;0;0m▀[0m  
  [38;2;0;0;0m▄[0m[48;2;0;0;0m[38;2;240;98;117m▄[0m[48;2;240;98;117m[38;2;240;98;117m▄[0m[48;2;240;98;117m[38;2;190;88;106m▄[0m[48;2;190;88;106m[38;2;240;98;117m▄[0m[48;2;240;98;117m[38;2;240;98;117m▄[0m[48;2;240;98;117m[38;2;65;65;65m▄[0m[48;2;65;65;65m[38;2;233;222;83m▄[0m[48;2;233;222;83m[38;2;254;249;147m▄[0m[48;2;233;222;83m[38;2;254;249;147m▄[0m[48;2;254;249;147m[38;2;226;222;22m▄[0m[48;2;226;222;22m[38;2;226;222;22m▄[0m[48;2;65;65;65m[38;2;226;222;22m▄[0m[48;2;65;65;65m[38;2;181;166;10m▄[0m[48;2;226;222;22m[38;2;65;65;65m▄[0m[48;2;226;222;22m[38;2;255;255;255m▄[0m[48;2;226;222;22m[38;2;65;65;65m▄[0m[48;2;0;0;0m[38;2;0;0;0m▄[0m   
 [38;2;0;0;0m▄[0m[48;2;0;0;0m[38;2;240;98;117m▄[0m[48;2;240;98;117m[38;2;240;98;117m▄[0m[48;2;190;88;106m[38;2;190;88;106m▄[0m[48;2;240;98;117m[38;2;240;98;117m▄[0m[48;2;240;98;117m[38;2;240;98;117m▄[0m[48;2;240;98;117m[38;2;65;65;65m▄[0m[48;2;65;65;65m[38;2;233;222;83m▄[0m[48;2;181;166;10m[38;2;233;222;83m▄[0m[48;2;181;166;10m[38;2;65;65;65m▄[0m[48;2;65;65;65m[38;2;226;222;22m▄[0m[48;2;254;249;147m[38;2;254;249;147m▄[0m[48;2;254;249;147m[38;2;254;249;147m▄[0m[48;2;226;222;22m[38;2;226;222;22m▄[0m[48;2;65;65;65m[38;2;226;222;22m▄[0m[48;2;181;166;10m[38;2;0;0;0m▄[0m[38;2;0;0;0m▀[0m[38;2;0;0;0m▀[0m    
 [48;2;0;0;0m[38;2;0;0;0m▄[0m[48;2;240;98;117m[38;2;240;98;117m▄[0m[48;2;240;98;117m[38;2;240;98;117m▄[0m[48;2;240;98;117m[38;2;240;98;117m▄[0m[48;2;240;98;117m[38;2;240;98;117m▄[0m[48;2;240;98;117m[38;2;190;88;106m▄[0m[48;2;65;65;65m[38;2;0;0;0m▄[0m[38;2;0;0;0m▀[0m[48;2;181;166;10m[38;2;0;0;0m▄[0m[48;2;65;65;65m[38;2;0;0;0m▄[0m[48;2;226;222;22m[38;2;0;0;0m▄[0m[48;2;181;166;10m[38;2;255;255;255m▄[0m[48;2;181;166;10m[38;2;255;255;255m▄[0m[48;2;226;222;22m[38;2;181;166;10m▄[0m[48;2;226;222;22m[38;2;0;0;0m▄[0m[38;2;0;0;0m▀[0m      
  [38;2;0;0;0m▀[0m[48;2;240;98;117m[38;2;0;0;0m▄[0m[48;2;240;98;117m[38;2;0;0;0m▄[0m[48;2;240;98;117m[38;2;0;0;0m▄[0m[38;2;0;0;0m▀[0m     [38;2;0;0;0m▀[0m[38;2;0;0;0m▀[0m[38;2;0;0;0m▀[0m        
