Chansey
     [38;2;0;0;0m▄[0m[38;2;0;0;0m▄[0m[38;2;0;0;0m▄[0m[48;2;0;0;0m[38;2;255;197;189m▄[0m[48;2;0;0;0m[38;2;255;197;189m▄[0m[48;2;0;0;0m[38;2;255;197;189m▄[0m[48;2;0;0;0m[38;2;255;197;189m▄[0m[38;2;0;0;0m▄[0m[38;2;0;0;0m▄[0m     
 [38;2;0;0;0m▄[0m[38;2;0;0;0m▄[0m[48;2;0;0;0m[38;2;230;148;148m▄[0m[48;2;0;0;0m[38;2;230;148;148m▄[0m[48;2;65;65;65m[38;2;255;197;189m▄[0m[48;2;255;197;189m[38;2;255;197;189m▄[0m[48;2;255;197;189m[38;2;255;197;189m▄[0m[48;2;255;197;189m[38;2;255;197;189m▄[0m[48;2;255;197;189m[38;2;255;197;189m▄[0m[48;2;255;197;189m[38;2;255;197;189m▄[0m[48;2;255;197;189m[38;2;255;197;189m▄[0m[48;2;255;197;189m[38;2;255;197;189m▄[0m[48;2;255;197;189m[38;2;255;197;189m▄[0m[48;2;0;0;0m[38;2;255;197;189m▄[0m[38;2;0;0;0m▄[0m   
[38;2;0;0;0m▀[0m[48;2;230;123;107m[38;2;0;0;0m▄[0m[48;2;230;123;107m[38;2;65;65;65m▄[0m[48;2;181;99;99m[38;2;255;197;189m▄[0m[48;2;255;197;189m[38;2;255;197;189m▄[0m[48;2;255;255;255m[38;2;0;0;0m▄[0m[48;2;255;197;189m[38;2;255;197;189m▄[0m[48;2;255;197;189m[38;2;255;197;189m▄[0m[48;2;255;197;189m[38;2;255;255;255m▄[0m[48;2;255;197;189m[38;2;255;197;189m▄[0m[48;2;255;197;189m[38;2;255;197;189m▄[0m[48;2;255;197;189m[38;2;255;197;189m▄[0m[48;2;255;197;189m[38;2;181;99;99m▄[0m[48;2;255;197;189m[38;2;255;197;189m▄[0m[48;2;181;99;99m[38;2;65;65;65m▄[0m[48;2;255;197;189m[38;2;230;148;148m▄[0m[48;2;0;0;0m[38;2;230;123;107m▄[0m[38;2;0;0;0m▄[0m 
 [38;2;0;0;0m▄[0m[48;2;0;0;0m[38;2;255;197;189m▄[0m[48;2;255;197;189m[38;2;230;148;148m▄[0m[48;2;255;197;189m[38;2;255;197;189m▄[0m[48;2;230;148;148m[38;2;255;197;189m▄[0m[48;2;255;197;189m[38;2;230;123;107m▄[0m[48;2;255;197;189m[38;2;230;123;107m▄[0m[48;2;0;0;0m[38;2;255;197;189m▄[0m[48;2;255;197;189m[38;2;255;197;189m▄[0m[48;2;181;99;99m[38;2;65;65;65m▄[0m[48;2;255;197;189m[38;2;230;148;148m▄[0m[48;2;65;65;65m[38;2;230;123;107m▄[0m[48;2;230;148;148m[38;2;65;65;65m▄[0m[48;2;230;123;107m[38;2;230;123;107m▄[0m[48;2;65;65;65m[38;2;230;123;107m▄[0m[48;2;230;123;107m[38;2;65;65;65m▄[0m[48;2;230;123;107m[38;2;0;0;0m▄[0m[38;2;0;0;0m▀[0m
 [48;2;0;0;0m[38;2;0;0;0m▄[0m[48;2;255;197;189m[38;2;181;99;99m▄[0m[48;2;255;197;189m[38;2;255;197;189m▄[0m[48;2;181;99;99m[38;2;181;99;99m▄[0m[48;2;255;197;189m[38;2;65;65;65m▄[0m[48;2;255;197;189m[38;2;255;197;189m▄[0m[48;2;255;197;189m[38;2;255;197;189m▄[0m[48;2;255;197;189m[38;2;181;99;99m▄[0m[48;2;255;197;189m[38;2;181;99;99m▄[0m[48;2;255;197;189m[38;2;255;197;189m▄[0m[48;2;65;65;65m[38;2;255;197;189m▄[0m[48;2;230;123;107m[38;2;65;65;65m▄[0m[48;2;230;123;107m[38;2;65;65;65m▄[0m[48;2;65;65;65m[38;2;255;197;189m▄[0m[48;2;65;65;65m[38;2;230;148;148m▄[0m[48;2;230;148;148m[38;2;230;148;148m▄[0m[48;2;0;0;0m[38;2;0;0;0m▄[0m 
 [38;2;0;0;0m▀[0m[48;2;255;197;189m[38;2;0;0;0m▄[0m[48;2;181;99;99m[38;2;255;255;255m▄[0m[48;2;181;99;99m[38;2;255;255;255m▄[0m[48;2;255;255;255m[38;2;255;255;255m▄[0m[48;2;65;65;65m[38;2;181;99;99m▄[0m[48;2;181;99;99m[38;2;255;197;189m▄[0m[48;2;255;197;189m[38;2;255;197;189m▄[0m[48;2;255;197;189m[38;2;255;197;189m▄[0m[48;2;255;197;189m[38;2;181;99;99m▄[0m[48;2;255;197;189m[38;2;255;197;189m▄[0m[48;2;255;197;189m[38;2;255;197;189m▄[0m[48;2;255;197;189m[38;2;230;148;148m▄[0m[48;2;230;148;148m[38;2;230;148;148m▄[0m[48;2;230;148;148m[38;2;230;148;148m▄[0m[48;2;230;148;148m[38;2;0;0;0m▄[0m[38;2;0;0;0m▀[0m 
  [48;2;0;0;0m[38;2;0;0;0m▄[0m[48;2;230;123;107m[38;2;230;123;107m▄[0m[48;2;255;255;255m[38;2;230;123;107m▄[0m[48;2;255;255;255m[38;2;230;123;107m▄[0m[48;2;255;255;255m[38;2;230;123;107m▄[0m[48;2;181;99;99m[38;2;65;65;65m▄[0m[48;2;181;99;99m[38;2;230;148;148m▄[0m[48;2;181;99;99m[38;2;230;148;148m▄[0m[48;2;230;148;148m[38;2;230;148;148m▄[0m[48;2;230;148;148m[38;2;230;148;148m▄[0m[48;2;230;148;148m[38;2;230;148;148m▄[0m[48;2;230;148;148m[38;2;230;148;148m▄[0m[48;2;230;148;148m[38;2;230;148;148m▄[0m[48;2;230;148;148m[38;2;181;99;99m▄[0m[48;2;0;0;0m[38;2;206;123;132m▄[0m[48;2;0;0;0m[38;2;206;123;132m▄[0m[38;2;0;0;0m▄[0m
   [48;2;0;0;0m[38;2;0;0;0m▄[0m[48;2;230;123;107m[38;2;65;65;65m▄[0m[48;2;230;123;107m[38;2;65;65;65m▄[0m[48;2;65;65;65m[38;2;230;148;148m▄[0m[48;2;230;148;148m[38;2;230;148;148m▄[0m[48;2;230;148;148m[38;2;230;148;148m▄[0m[48;2;230;148;148m[38;2;230;148;148m▄[0m[48;2;230;148;148m[38;2;230;148;148m▄[0m[48;2;230;148;148m[38;2;230;148;148m▄[0m[48;2;230;148;148m[38;2;65;65;65m▄[0m[48;2;230;148;148m[38;2;0;0;0m▄[0m[48;2;181;99;99m[38;2;0;0;0m▄[0m[48;2;206;123;132m[38;2;0;0;0m▄[0m[38;2;0;0;0m▀[0m[38;2;0;0;0m▀[0m 
  [38;2;0;0;0m▀[0m[48;2;181;99;99m[38;2;0;0;0m▄[0m[48;2;181;99;99m[38;2;0;0;0m▄[0m[48;2;181;99;99m[38;2;0;0;0m▄[0m[38;2;0;0;0m▀[0m[38;2;0;0;0m▀[0m[38;2;0;0;0m▀[0m[48;2;0;0;0m[38;2;0;0;0m▄[0m[48;2;65;65;65m[38;2;181;99;99m▄[0m[48;2;65;65;65m[38;2;181;99;99m▄[0m[48;2;181;99;99m[38;2;181;99;99m▄[0m[48;2;0;0;0m[38;2;0;0;0m▄[0m     
         [38;2;0;0;0m▀[0m[48;2;230;123;107m[38;2;0;0;0m▄[0m[48;2;230;123;107m[38;2;0;0;0m▄[0m[38;2;0;0;0m▀[0m      
