Scyther
                 [38;2;0;0;0m▄[0m[48;2;0;0;0m[38;2;93;204;89m▄[0m[38;2;0;0;0m▄[0m                 
                 [48;2;0;0;0m[38;2;0;0;0m▄[0m[48;2;93;204;89m[38;2;93;204;89m▄[0m[48;2;0;0;0m[38;2;205;197;123m▄[0m[38;2;0;0;0m▄[0m            [38;2;0;0;0m▄[0m[38;2;0;0;0m▄[0m  
                 [48;2;0;0;0m[38;2;0;0;0m▄[0m[48;2;71;136;93m[38;2;71;136;93m▄[0m[48;2;205;197;123m[38;2;205;197;123m▄[0m[48;2;0;0;0m[38;2;0;0;0m▄[0m         [38;2;0;0;0m▄[0m[48;2;0;0;0m[38;2;93;204;89m▄[0m[48;2;0;0;0m[38;2;93;204;89m▄[0m[48;2;93;204;89m[38;2;71;136;93m▄[0m[48;2;93;204;89m[38;2;0;0;0m▄[0m[38;2;0;0;0m▀[0m 
           [38;2;0;0;0m▄[0m    [38;2;0;0;0m▄[0m[48;2;0;0;0m[38;2;93;204;89m▄[0m[48;2;71;136;93m[38;2;65;65;65m▄[0m[48;2;205;197;123m[38;2;205;197;123m▄[0m[48;2;0;0;0m[38;2;205;197;123m▄[0m[38;2;0;0;0m▄[0m      [38;2;0;0;0m▄[0m[48;2;0;0;0m[38;2;93;204;89m▄[0m[48;2;93;204;89m[38;2;71;136;93m▄[0m[48;2;71;136;93m[38;2;71;136;93m▄[0m[48;2;71;136;93m[38;2;255;246;180m▄[0m[48;2;255;246;180m[38;2;255;246;180m▄[0m[48;2;0;0;0m[38;2;0;0;0m▄[0m  
          [48;2;0;0;0m[38;2;0;0;0m▄[0m[48;2;71;136;93m[38;2;71;136;93m▄[0m[48;2;0;0;0m[38;2;71;136;93m▄[0m[48;2;0;0;0m[38;2;71;136;93m▄[0m[38;2;0;0;0m▄[0m[38;2;0;0;0m▄[0m[48;2;0;0;0m[38;2;112;233;74m▄[0m[48;2;112;233;74m[38;2;112;233;74m▄[0m[48;2;65;65;65m[38;2;93;204;89m▄[0m[48;2;205;197;123m[38;2;65;65;65m▄[0m[48;2;205;197;123m[38;2;205;197;123m▄[0m[48;2;0;0;0m[38;2;0;0;0m▄[0m    [38;2;0;0;0m▄[0m[48;2;0;0;0m[38;2;65;65;65m▄[0m[48;2;93;204;89m[38;2;93;204;89m▄[0m[48;2;71;136;93m[38;2;71;136;93m▄[0m[48;2;71;136;93m[38;2;255;246;180m▄[0m[48;2;255;246;180m[38;2;255;246;180m▄[0m[48;2;255;246;180m[38;2;255;246;180m▄[0m[48;2;0;0;0m[38;2;0;0;0m▄[0m   
           [48;2;0;0;0m[38;2;0;0;0m▄[0m[48;2;71;136;93m[38;2;71;136;93m▄[0m[48;2;71;136;93m[38;2;93;204;89m▄[0m[48;2;93;204;89m[38;2;50;97;71m▄[0m[48;2;50;97;71m[38;2;112;233;74m▄[0m[48;2;112;233;74m[38;2;112;233;74m▄[0m[48;2;112;233;74m[38;2;112;233;74m▄[0m[48;2;93;204;89m[38;2;112;233;74m▄[0m[48;2;65;65;65m[38;2;93;204;89m▄[0m[48;2;205;197;123m[38;2;65;65;65m▄[0m[48;2;0;0;0m[38;2;65;65;65m▄[0m[38;2;0;0;0m▄[0m[48;2;0;0;0m[38;2;93;204;89m▄[0m[48;2;0;0;0m[38;2;93;204;89m▄[0m[48;2;0;0;0m[38;2;93;204;89m▄[0m[48;2;65;65;65m[38;2;65;65;65m▄[0m[48;2;93;204;89m[38;2;93;204;89m▄[0m[48;2;71;136;93m[38;2;71;136;93m▄[0m[48;2;255;246;180m[38;2;255;246;180m▄[0m[48;2;255;246;180m[38;2;255;246;180m▄[0m[48;2;255;246;180m[38;2;255;246;180m▄[0m[48;2;0;0;0m[38;2;0;0;0m▄[0m    
          [38;2;0;0;0m▄[0m[48;2;0;0;0m[38;2;71;136;93m▄[0m[48;2;93;204;89m[38;2;93;204;89m▄[0m[48;2;93;204;89m[38;2;112;233;74m▄[0m[48;2;112;233;74m[38;2;112;233;74m▄[0m[48;2;112;233;74m[38;2;112;233;74m▄[0m[48;2;112;233;74m[38;2;112;233;74m▄[0m[48;2;112;233;74m[38;2;112;233;74m▄[0m[48;2;112;233;74m[38;2;93;204;89m▄[0m[48;2;93;204;89m[38;2;93;204;89m▄[0m[48;2;93;204;89m[38;2;93;204;89m▄[0m[48;2;93;204;89m[38;2;93;204;89m▄[0m[48;2;93;204;89m[38;2;93;204;89m▄[0m[48;2;93;204;89m[38;2;93;204;89m▄[0m[48;2;93;204;89m[38;2;65;65;65m▄[0m[48;2;65;65;65m[38;2;65;65;65m▄[0m[48;2;71;136;93m[38;2;71;136;93m▄[0m[48;2;50;97;71m[38;2;50;97;71m▄[0m[48;2;255;246;180m[38;2;205;197;123m▄[0m[48;2;255;246;180m[38;2;255;246;180m▄[0m[48;2;255;246;180m[38;2;0;0;0m▄[0m[38;2;0;0;0m▀[0m[38;2;0;0;0m▄[0m[38;2;0;0;0m▄[0m[38;2;0;0;0m▄[0m[38;2;0;0;0m▄[0m 
         [48;2;0;0;0m[38;2;0;0;0m▄[0m[48;2;93;204;89m[38;2;93;204;89m▄[0m[48;2;93;204;89m[38;2;93;204;89m▄[0m[48;2;93;204;89m[38;2;93;204;89m▄[0m[48;2;93;204;89m[38;2;93;204;89m▄[0m[48;2;112;233;74m[38;2;93;204;89m▄[0m[48;2;112;233;74m[38;2;93;204;89m▄[0m[48;2;112;233;74m[38;2;93;204;89m▄[0m[48;2;93;204;89m[38;2;93;204;89m▄[0m[48;2;93;204;89m[38;2;93;204;89m▄[0m[48;2;93;204;89m[38;2;93;204;89m▄[0m[48;2;93;204;89m[38;2;93;204;89m▄[0m[48;2;93;204;89m[38;2;50;97;71m▄[0m[48;2;93;204;89m[38;2;50;97;71m▄[0m[48;2;65;65;65m[38;2;0;0;0m▄[0m[48;2;65;65;65m[38;2;65;65;65m▄[0m[48;2;71;136;93m[38;2;71;136;93m▄[0m[48;2;50;97;71m[38;2;50;97;71m▄[0m[48;2;205;197;123m[38;2;205;197;123m▄[0m[48;2;205;197;123m[38;2;205;197;123m▄[0m[48;2;205;197;123m[38;2;82;90;106m▄[0m[48;2;0;0;0m[38;2;255;246;180m▄[0m[48;2;0;0;0m[38;2;255;246;180m▄[0m[48;2;255;246;180m[38;2;255;246;180m▄[0m[48;2;255;246;180m[38;2;255;246;180m▄[0m[48;2;255;246;180m[38;2;255;246;180m▄[0m[48;2;255;246;180m[38;2;0;0;0m▄[0m[38;2;0;0;0m▀[0m
        [38;2;0;0;0m▄[0m[48;2;0;0;0m[38;2;71;136;93m▄[0m[48;2;71;136;93m[38;2;65;65;65m▄[0m[48;2;93;204;89m[38;2;93;204;89m▄[0m[48;2;93;204;89m[38;2;93;204;89m▄[0m[48;2;93;204;89m[38;2;71;136;93m▄[0m[48;2;93;204;89m[38;2;112;233;74m▄[0m[48;2;112;233;74m[38;2;112;233;74m▄[0m[48;2;112;233;74m[38;2;93;204;89m▄[0m[48;2;93;204;89m[38;2;93;204;89m▄[0m[48;2;93;204;89m[38;2;50;97;71m▄[0m[48;2;50;97;71m[38;2;255;255;255m▄[0m[48;2;71;136;93m[38;2;71;136;93m▄[0m[48;2;71;136;93m[38;2;71;136;93m▄[0m[48;2;0;0;0m[38;2;0;0;0m▄[0m [48;2;0;0;0m[38;2;0;0;0m▄[0m[48;2;71;136;93m[38;2;65;65;65m▄[0m[48;2;50;97;71m[38;2;65;65;65m▄[0m[48;2;205;197;123m[38;2;65;65;65m▄[0m[48;2;82;90;106m[38;2;205;197;123m▄[0m[48;2;205;197;123m[38;2;205;197;123m▄[0m[48;2;255;246;180m[38;2;205;197;123m▄[0m[48;2;255;246;180m[38;2;255;246;180m▄[0m[48;2;255;246;180m[38;2;0;0;0m▄[0m[48;2;255;246;180m[38;2;0;0;0m▄[0m[38;2;0;0;0m▀[0m  
        [48;2;0;0;0m[38;2;0;0;0m▄[0m[48;2;71;136;93m[38;2;71;136;93m▄[0m[48;2;65;65;65m[38;2;71;136;93m▄[0m[48;2;93;204;89m[38;2;65;65;65m▄[0m[48;2;93;204;89m[38;2;93;204;89m▄[0m[48;2;71;136;93m[38;2;93;204;89m▄[0m[48;2;93;204;89m[38;2;71;136;93m▄[0m[48;2;93;204;89m[38;2;65;65;65m▄[0m[48;2;0;0;0m[38;2;0;0;0m▄[0m[48;2;50;97;71m[38;2;255;255;255m▄[0m[48;2;255;255;255m[38;2;255;255;255m▄[0m[48;2;255;255;255m[38;2;71;136;93m▄[0m[48;2;50;97;71m[38;2;71;136;93m▄[0m[48;2;71;136;93m[38;2;71;136;93m▄[0m[48;2;65;65;65m[38;2;71;136;93m▄[0m[48;2;0;0;0m[38;2;65;65;65m▄[0m[48;2;65;65;65m[38;2;93;204;89m▄[0m[48;2;93;204;89m[38;2;112;233;74m▄[0m[48;2;93;204;89m[38;2;112;233;74m▄[0m[48;2;93;204;89m[38;2;93;204;89m▄[0m[48;2;65;65;65m[38;2;93;204;89m▄[0m[48;2;65;65;65m[38;2;0;0;0m▄[0m[38;2;0;0;0m▀[0m[38;2;0;0;0m▀[0m     
         [38;2;0;0;0m▀[0m[48;2;71;136;93m[38;2;0;0;0m▄[0m[48;2;65;65;65m[38;2;93;204;89m▄[0m[48;2;93;204;89m[38;2;93;204;89m▄[0m[48;2;93;204;89m[38;2;93;204;89m▄[0m[48;2;93;204;89m[38;2;93;204;89m▄[0m[48;2;93;204;89m[38;2;93;204;89m▄[0m[48;2;93;204;89m[38;2;93;204;89m▄[0m[48;2;93;204;89m[38;2;71;136;93m▄[0m[48;2;71;136;93m[38;2;71;136;93m▄[0m[48;2;71;136;93m[38;2;65;65;65m▄[0m[48;2;71;136;93m[38;2;65;65;65m▄[0m[48;2;65;65;65m[38;2;224;123;80m▄[0m[48;2;65;65;65m[38;2;65;65;65m▄[0m[48;2;65;65;65m[38;2;65;65;65m▄[0m[48;2;93;204;89m[38;2;93;204;89m▄[0m[48;2;112;233;74m[38;2;93;204;89m▄[0m[48;2;112;233;74m[38;2;93;204;89m▄[0m[48;2;93;204;89m[38;2;93;204;89m▄[0m[48;2;93;204;89m[38;2;71;136;93m▄[0m[48;2;0;0;0m[38;2;0;0;0m▄[0m       
        [38;2;0;0;0m▄[0m[38;2;0;0;0m▄[0m[48;2;0;0;0m[38;2;93;204;89m▄[0m[48;2;93;204;89m[38;2;65;65;65m▄[0m[48;2;50;97;71m[38;2;93;204;89m▄[0m[48;2;93;204;89m[38;2;93;204;89m▄[0m[48;2;93;204;89m[38;2;65;65;65m▄[0m[48;2;93;204;89m[38;2;65;65;65m▄[0m[48;2;65;65;65m[38;2;93;204;89m▄[0m[48;2;65;65;65m[38;2;82;90;106m▄[0m[48;2;65;65;65m[38;2;255;156;114m▄[0m[48;2;224;123;80m[38;2;255;156;114m▄[0m[48;2;224;123;80m[38;2;255;156;114m▄[0m[48;2;224;123;80m[38;2;82;90;106m▄[0m[48;2;82;90;106m[38;2;82;90;106m▄[0m[48;2;93;204;89m[38;2;93;204;89m▄[0m[48;2;65;65;65m[38;2;93;204;89m▄[0m[48;2;93;204;89m[38;2;65;65;65m▄[0m[48;2;93;204;89m[38;2;65;65;65m▄[0m[48;2;71;136;93m[38;2;65;65;65m▄[0m[48;2;224;123;80m[38;2;224;123;80m▄[0m[48;2;0;0;0m[38;2;71;136;93m▄[0m[38;2;0;0;0m▄[0m      
       [48;2;0;0;0m[38;2;0;0;0m▄[0m[48;2;93;204;89m[38;2;93;204;89m▄[0m[48;2;93;204;89m[38;2;71;136;93m▄[0m[48;2;93;204;89m[38;2;93;204;89m▄[0m[48;2;93;204;89m[38;2;0;0;0m▄[0m[38;2;0;0;0m▀[0m[48;2;65;65;65m[38;2;0;0;0m▄[0m[48;2;71;136;93m[38;2;71;136;93m▄[0m[48;2;65;65;65m[38;2;71;136;93m▄[0m[48;2;93;204;89m[38;2;65;65;65m▄[0m[48;2;93;204;89m[38;2;71;136;93m▄[0m[48;2;82;90;106m[38;2;82;90;106m▄[0m[48;2;82;90;106m[38;2;71;136;93m▄[0m[48;2;82;90;106m[38;2;82;90;106m▄[0m[48;2;82;90;106m[38;2;71;136;93m▄[0m[48;2;93;204;89m[38;2;71;136;93m▄[0m[48;2;93;204;89m[38;2;71;136;93m▄[0m[48;2;71;136;93m[38;2;65;65;65m▄[0m[48;2;65;65;65m[38;2;71;136;93m▄[0m[48;2;71;136;93m[38;2;71;136;93m▄[0m[48;2;65;65;65m[38;2;71;136;93m▄[0m[48;2;71;136;93m[38;2;65;65;65m▄[0m[48;2;71;136;93m[38;2;93;204;89m▄[0m[48;2;0;0;0m[38;2;93;204;89m▄[0m[38;2;0;0;0m▄[0m     
   [38;2;0;0;0m▄[0m[38;2;0;0;0m▄[0m[48;2;0;0;0m[38;2;93;204;89m▄[0m[48;2;0;0;0m[38;2;71;136;93m▄[0m[48;2;93;204;89m[38;2;71;136;93m▄[0m[48;2;71;136;93m[38;2;189;205;205m▄[0m[48;2;189;205;205m[38;2;189;205;205m▄[0m[48;2;71;136;93m[38;2;0;0;0m▄[0m[38;2;0;0;0m▀[0m [38;2;0;0;0m▀[0m[48;2;71;136;93m[38;2;0;0;0m▄[0m[48;2;71;136;93m[38;2;71;136;93m▄[0m[48;2;71;136;93m[38;2;71;136;93m▄[0m[48;2;65;65;65m[38;2;65;65;65m▄[0m[48;2;65;65;65m[38;2;71;136;93m▄[0m[48;2;65;65;65m[38;2;224;123;80m▄[0m[48;2;65;65;65m[38;2;224;123;80m▄[0m[48;2;71;136;93m[38;2;65;65;65m▄[0m[48;2;71;136;93m[38;2;65;65;65m▄[0m[48;2;65;65;65m[38;2;71;136;93m▄[0m[48;2;71;136;93m[38;2;71;136;93m▄[0m[48;2;71;136;93m[38;2;65;65;65m▄[0m[48;2;71;136;93m[38;2;65;65;65m▄[0m[48;2;65;65;65m[38;2;93;204;89m▄[0m[48;2;65;65;65m[38;2;93;204;89m▄[0m[48;2;65;65;65m[38;2;65;65;65m▄[0m[48;2;93;204;89m[38;2;0;0;0m▄[0m[38;2;0;0;0m▀[0m     
 [38;2;0;0;0m▄[0m[48;2;0;0;0m[38;2;93;204;89m▄[0m[48;2;93;204;89m[38;2;71;136;93m▄[0m[48;2;71;136;93m[38;2;189;205;205m▄[0m[48;2;71;136;93m[38;2;189;205;205m▄[0m[48;2;189;205;205m[38;2;189;205;205m▄[0m[48;2;189;205;205m[38;2;0;0;0m▄[0m[48;2;189;205;205m[38;2;0;0;0m▄[0m[48;2;189;205;205m[38;2;0;0;0m▄[0m[38;2;0;0;0m▀[0m   [38;2;0;0;0m▄[0m[48;2;0;0;0m[38;2;71;136;93m▄[0m[48;2;82;90;106m[38;2;224;123;80m▄[0m[48;2;65;65;65m[38;2;224;123;80m▄[0m[48;2;65;65;65m[38;2;65;65;65m▄[0m[48;2;71;136;93m[38;2;50;97;71m▄[0m[48;2;71;136;93m[38;2;50;97;71m▄[0m[48;2;71;136;93m[38;2;50;97;71m▄[0m[48;2;65;65;65m[38;2;50;97;71m▄[0m[48;2;71;136;93m[38;2;65;65;65m▄[0m[48;2;65;65;65m[38;2;93;204;89m▄[0m[48;2;93;204;89m[38;2;93;204;89m▄[0m[48;2;93;204;89m[38;2;71;136;93m▄[0m[48;2;93;204;89m[38;2;71;136;93m▄[0m[48;2;71;136;93m[38;2;255;255;255m▄[0m[48;2;93;204;89m[38;2;65;65;65m▄[0m[48;2;0;0;0m[38;2;0;0;0m▄[0m      
[48;2;0;0;0m[38;2;0;0;0m▄[0m[48;2;93;204;89m[38;2;93;204;89m▄[0m[48;2;71;136;93m[38;2;71;136;93m▄[0m[48;2;189;205;205m[38;2;0;0;0m▄[0m[48;2;189;205;205m[38;2;0;0;0m▄[0m[38;2;0;0;0m▀[0m[38;2;0;0;0m▀[0m      [38;2;0;0;0m▄[0m[48;2;0;0;0m[38;2;71;136;93m▄[0m[48;2;71;136;93m[38;2;71;136;93m▄[0m[48;2;82;90;106m[38;2;71;136;93m▄[0m[48;2;82;90;106m[38;2;71;136;93m▄[0m[48;2;71;136;93m[38;2;71;136;93m▄[0m[48;2;65;65;65m[38;2;0;0;0m▄[0m[38;2;0;0;0m▀[0m[48;2;71;136;93m[38;2;0;0;0m▄[0m[48;2;71;136;93m[38;2;65;65;65m▄[0m[48;2;65;65;65m[38;2;93;204;89m▄[0m[48;2;93;204;89m[38;2;93;204;89m▄[0m[48;2;71;136;93m[38;2;71;136;93m▄[0m[48;2;255;255;255m[38;2;189;205;205m▄[0m[48;2;189;205;205m[38;2;255;255;255m▄[0m[48;2;255;255;255m[38;2;65;65;65m▄[0m[48;2;65;65;65m[38;2;93;204;89m▄[0m[48;2;93;204;89m[38;2;93;204;89m▄[0m[48;2;0;0;0m[38;2;0;0;0m▄[0m     
[38;2;0;0;0m▀[0m[48;2;93;204;89m[38;2;0;0;0m▄[0m[38;2;0;0;0m▀[0m         [38;2;0;0;0m▀[0m[48;2;189;205;205m[38;2;0;0;0m▄[0m[48;2;82;90;106m[38;2;255;255;255m▄[0m[48;2;82;90;106m[38;2;0;0;0m▄[0m[48;2;82;90;106m[38;2;255;255;255m▄[0m[48;2;71;136;93m[38;2;0;0;0m▄[0m[38;2;0;0;0m▀[0m   [48;2;0;0;0m[38;2;0;0;0m▄[0m[48;2;93;204;89m[38;2;93;204;89m▄[0m[48;2;71;136;93m[38;2;71;136;93m▄[0m[48;2;255;255;255m[38;2;189;205;205m▄[0m[48;2;189;205;205m[38;2;255;255;255m▄[0m[48;2;65;65;65m[38;2;65;65;65m▄[0m[48;2;93;204;89m[38;2;93;204;89m▄[0m[48;2;93;204;89m[38;2;93;204;89m▄[0m[48;2;93;204;89m[38;2;93;204;89m▄[0m[48;2;93;204;89m[38;2;93;204;89m▄[0m[48;2;0;0;0m[38;2;0;0;0m▄[0m    
              [38;2;0;0;0m▀[0m [38;2;0;0;0m▀[0m     [38;2;0;0;0m▀[0m[48;2;93;204;89m[38;2;0;0;0m▄[0m[48;2;71;136;93m[38;2;93;204;89m▄[0m[48;2;255;255;255m[38;2;255;255;255m▄[0m[48;2;65;65;65m[38;2;65;65;65m▄[0m[48;2;93;204;89m[38;2;0;0;0m▄[0m[48;2;82;90;106m[38;2;255;255;255m▄[0m[48;2;93;204;89m[38;2;0;0;0m▄[0m[48;2;82;90;106m[38;2;255;255;255m▄[0m[48;2;93;204;89m[38;2;0;0;0m▄[0m[38;2;0;0;0m▀[0m    
                       [38;2;0;0;0m▀[0m[48;2;93;204;89m[38;2;0;0;0m▄[0m[48;2;255;255;255m[38;2;255;255;255m▄[0m[48;2;0;0;0m[38;2;0;0;0m▄[0m [38;2;0;0;0m▀[0m [38;2;0;0;0m▀[0m      
                         [38;2;0;0;0m▀[0m           
