Eevee
  [38;2;0;0;0m▄[0m[48;2;0;0;0m[38;2;222;219;199m▄[0m[48;2;0;0;0m[38;2;222;219;199m▄[0m[48;2;0;0;0m[38;2;0;0;0m▄[0m           
 [48;2;0;0;0m[38;2;0;0;0m▄[0m[48;2;222;219;199m[38;2;222;219;199m▄[0m[48;2;111;106;96m[38;2;111;106;96m▄[0m[48;2;222;219;199m[38;2;187;177;145m▄[0m[48;2;0;0;0m[38;2;0;0;0m▄[0m[38;2;0;0;0m▄[0m [38;2;0;0;0m▄[0m[38;2;0;0;0m▄[0m[48;2;0;0;0m[38;2;232;232;218m▄[0m[48;2;0;0;0m[38;2;232;232;218m▄[0m[48;2;0;0;0m[38;2;0;0;0m▄[0m[38;2;0;0;0m▄[0m[38;2;0;0;0m▄[0m[48;2;0;0;0m[38;2;252;252;250m▄[0m[38;2;0;0;0m▄[0m
 [48;2;0;0;0m[38;2;0;0;0m▄[0m[48;2;111;106;96m[38;2;65;65;65m▄[0m[48;2;65;65;65m[38;2;222;219;199m▄[0m[48;2;65;65;65m[38;2;232;232;218m▄[0m[48;2;232;232;218m[38;2;222;219;199m▄[0m[48;2;0;0;0m[38;2;232;232;218m▄[0m[48;2;0;0;0m[38;2;111;106;96m▄[0m[48;2;187;177;145m[38;2;222;219;199m▄[0m[48;2;232;232;218m[38;2;111;106;96m▄[0m[48;2;111;106;96m[38;2;111;106;96m▄[0m[48;2;222;219;199m[38;2;222;219;199m▄[0m[48;2;65;65;65m[38;2;65;65;65m▄[0m[48;2;187;177;145m[38;2;187;177;145m▄[0m[48;2;252;252;250m[38;2;232;232;218m▄[0m[48;2;252;252;250m[38;2;252;252;250m▄[0m[48;2;0;0;0m[38;2;0;0;0m▄[0m
[48;2;0;0;0m[38;2;0;0;0m▄[0m[48;2;111;106;96m[38;2;255;255;255m▄[0m[48;2;222;219;199m[38;2;222;219;199m▄[0m[48;2;222;219;199m[38;2;222;219;199m▄[0m[48;2;222;219;199m[38;2;222;219;199m▄[0m[48;2;222;219;199m[38;2;222;219;199m▄[0m[48;2;222;219;199m[38;2;222;219;199m▄[0m[48;2;222;219;199m[38;2;222;219;199m▄[0m[48;2;111;106;96m[38;2;187;177;145m▄[0m[48;2;111;106;96m[38;2;222;219;199m▄[0m[48;2;222;219;199m[38;2;65;65;65m▄[0m[48;2;65;65;65m[38;2;111;106;96m▄[0m[48;2;187;177;145m[38;2;187;177;145m▄[0m[48;2;187;177;145m[38;2;187;177;145m▄[0m[48;2;187;177;145m[38;2;187;177;145m▄[0m[48;2;232;232;218m[38;2;0;0;0m▄[0m[38;2;0;0;0m▀[0m
[48;2;0;0;0m[38;2;0;0;0m▄[0m[48;2;0;0;0m[38;2;222;219;199m▄[0m[48;2;222;219;199m[38;2;222;219;199m▄[0m[48;2;222;219;199m[38;2;222;219;199m▄[0m[48;2;222;219;199m[38;2;208;202;177m▄[0m[48;2;187;177;145m[38;2;255;255;255m▄[0m[48;2;111;106;96m[38;2;0;0;0m▄[0m[48;2;222;219;199m[38;2;222;219;199m▄[0m[48;2;222;219;199m[38;2;111;106;96m▄[0m[48;2;65;65;65m[38;2;187;207;230m▄[0m[48;2;111;106;96m[38;2;111;106;96m▄[0m[48;2;187;177;145m[38;2;187;177;145m▄[0m[48;2;111;106;96m[38;2;187;177;145m▄[0m[48;2;0;0;0m[38;2;0;0;0m▄[0m[38;2;0;0;0m▀[0m  
[38;2;0;0;0m▄[0m[48;2;0;0;0m[38;2;221;237;255m▄[0m[48;2;208;202;177m[38;2;111;106;96m▄[0m[48;2;222;219;199m[38;2;111;106;96m▄[0m[48;2;222;219;199m[38;2;187;177;145m▄[0m[48;2;111;106;96m[38;2;187;177;145m▄[0m[48;2;0;0;0m[38;2;187;177;145m▄[0m[48;2;187;177;145m[38;2;111;106;96m▄[0m[48;2;111;106;96m[38;2;221;237;255m▄[0m[48;2;187;207;230m[38;2;187;207;230m▄[0m[48;2;187;207;230m[38;2;187;207;230m▄[0m[48;2;111;106;96m[38;2;111;106;96m▄[0m[48;2;187;177;145m[38;2;187;177;145m▄[0m[48;2;0;0;0m[38;2;187;177;145m▄[0m[38;2;0;0;0m▄[0m  
[38;2;0;0;0m▀[0m[48;2;221;237;255m[38;2;0;0;0m▄[0m[48;2;221;237;255m[38;2;221;237;255m▄[0m[48;2;221;237;255m[38;2;152;176;204m▄[0m[48;2;221;237;255m[38;2;221;237;255m▄[0m[48;2;221;237;255m[38;2;221;237;255m▄[0m[48;2;187;207;230m[38;2;187;207;230m▄[0m[48;2;221;237;255m[38;2;221;237;255m▄[0m[48;2;221;237;255m[38;2;152;176;204m▄[0m[48;2;187;207;230m[38;2;78;92;108m▄[0m[48;2;78;92;108m[38;2;0;0;0m▄[0m[48;2;111;106;96m[38;2;0;0;0m▄[0m[48;2;187;177;145m[38;2;111;106;96m▄[0m[48;2;187;177;145m[38;2;187;177;145m▄[0m[48;2;0;0;0m[38;2;0;0;0m▄[0m  
  [38;2;0;0;0m▀[0m[48;2;65;65;65m[38;2;0;0;0m▄[0m[48;2;152;176;204m[38;2;187;177;145m▄[0m[48;2;152;176;204m[38;2;72;84;99m▄[0m[48;2;221;237;255m[38;2;72;84;99m▄[0m[48;2;78;92;108m[38;2;187;177;145m▄[0m[48;2;187;177;145m[38;2;0;0;0m▄[0m[38;2;0;0;0m▀[0m  [38;2;0;0;0m▀[0m[38;2;0;0;0m▀[0m   
    [38;2;0;0;0m▀[0m[38;2;0;0;0m▀[0m[48;2;222;219;199m[38;2;0;0;0m▄[0m[48;2;187;177;145m[38;2;0;0;0m▄[0m[38;2;0;0;0m▀[0m        
