Ledyba
   [38;2;0;0;0m▄[0m[48;2;0;0;0m[38;2;0;0;0m▄[0m[38;2;0;0;0m▀[0m  [38;2;0;0;0m▄[0m[38;2;0;0;0m▄[0m      
  [48;2;0;0;0m[38;2;0;0;0m▄[0m[48;2;0;0;0m[38;2;0;0;0m▄[0m[38;2;0;0;0m▄[0m[38;2;0;0;0m▄[0m[48;2;0;0;0m[38;2;0;0;0m▄[0m[48;2;0;0;0m[38;2;0;0;0m▄[0m[38;2;0;0;0m▀[0m       
 [38;2;0;0;0m▄[0m[48;2;0;0;0m[38;2;214;99;66m▄[0m[48;2;0;0;0m[38;2;255;148;66m▄[0m[48;2;255;148;66m[38;2;255;148;66m▄[0m[48;2;255;148;66m[38;2;255;148;66m▄[0m[48;2;0;0;0m[38;2;0;0;0m▄[0m[48;2;0;0;0m[38;2;255;148;66m▄[0m[48;2;0;0;0m[38;2;214;99;66m▄[0m[48;2;0;0;0m[38;2;140;58;33m▄[0m[38;2;0;0;0m▄[0m[38;2;0;0;0m▄[0m    
[48;2;0;0;0m[38;2;0;0;0m▄[0m[48;2;65;65;65m[38;2;0;0;0m▄[0m[48;2;255;255;255m[38;2;255;255;255m▄[0m[48;2;255;148;66m[38;2;255;148;66m▄[0m[48;2;255;148;66m[38;2;255;148;66m▄[0m[48;2;255;148;66m[38;2;255;148;66m▄[0m[48;2;255;148;66m[38;2;189;214;214m▄[0m[48;2;189;214;214m[38;2;255;255;255m▄[0m[48;2;189;214;214m[38;2;0;0;0m▄[0m[48;2;214;99;66m[38;2;189;214;214m▄[0m[48;2;140;58;33m[38;2;140;58;33m▄[0m[48;2;65;65;65m[38;2;214;99;66m▄[0m[48;2;0;0;0m[38;2;214;99;66m▄[0m[38;2;0;0;0m▄[0m  
[48;2;0;0;0m[38;2;0;0;0m▄[0m[48;2;255;255;255m[38;2;214;99;66m▄[0m[48;2;255;148;66m[38;2;65;65;65m▄[0m[48;2;255;148;66m[38;2;123;107;49m▄[0m[48;2;255;148;66m[38;2;123;107;49m▄[0m[48;2;255;148;66m[38;2;214;99;66m▄[0m[48;2;255;255;255m[38;2;214;99;66m▄[0m[48;2;0;0;0m[38;2;255;255;255m▄[0m[48;2;0;0;0m[38;2;255;255;255m▄[0m[48;2;255;255;255m[38;2;214;99;66m▄[0m[48;2;140;58;33m[38;2;65;65;65m▄[0m[48;2;65;65;65m[38;2;255;255;255m▄[0m[48;2;65;65;65m[38;2;189;214;214m▄[0m[48;2;214;99;66m[38;2;140;58;33m▄[0m[48;2;0;0;0m[38;2;0;0;0m▄[0m 
 [48;2;0;0;0m[38;2;0;0;0m▄[0m[48;2;239;239;123m[38;2;65;65;65m▄[0m[48;2;239;239;123m[38;2;239;239;123m▄[0m[48;2;239;239;123m[38;2;239;239;123m▄[0m[48;2;123;107;49m[38;2;239;239;123m▄[0m[48;2;123;107;49m[38;2;239;239;123m▄[0m[48;2;214;99;66m[38;2;65;65;65m▄[0m[48;2;214;99;66m[38;2;65;65;65m▄[0m[48;2;65;65;65m[38;2;123;107;49m▄[0m[48;2;99;107;230m[38;2;255;148;66m▄[0m[48;2;255;255;255m[38;2;65;65;65m▄[0m[48;2;189;214;214m[38;2;65;65;65m▄[0m[48;2;65;65;65m[38;2;65;65;65m▄[0m[48;2;214;99;66m[38;2;0;0;0m▄[0m[48;2;0;0;0m[38;2;0;0;0m▄[0m
 [38;2;0;0;0m▀[0m[48;2;189;214;214m[38;2;0;0;0m▄[0m[48;2;99;107;230m[38;2;0;0;0m▄[0m[48;2;65;65;65m[38;2;65;65;65m▄[0m[48;2;65;65;65m[38;2;239;239;123m▄[0m[48;2;123;107;49m[38;2;189;165;66m▄[0m[48;2;239;239;123m[38;2;239;239;123m▄[0m[48;2;239;239;123m[38;2;239;239;123m▄[0m[48;2;239;239;123m[38;2;239;239;123m▄[0m[48;2;123;107;49m[38;2;123;107;49m▄[0m[48;2;255;148;66m[38;2;214;99;66m▄[0m[48;2;99;107;230m[38;2;65;65;65m▄[0m[48;2;255;255;255m[38;2;255;255;255m▄[0m[48;2;189;214;214m[38;2;189;214;214m▄[0m[48;2;0;0;0m[38;2;0;0;0m▄[0m
    [48;2;0;0;0m[38;2;0;0;0m▄[0m[48;2;65;65;65m[38;2;189;214;214m▄[0m[48;2;239;239;123m[38;2;65;65;65m▄[0m[48;2;189;165;66m[38;2;0;0;0m▄[0m[48;2;239;239;123m[38;2;189;165;66m▄[0m[48;2;239;239;123m[38;2;239;239;123m▄[0m[48;2;239;239;123m[38;2;189;165;66m▄[0m[48;2;123;107;49m[38;2;65;65;65m▄[0m[48;2;214;99;66m[38;2;99;107;230m▄[0m[48;2;65;65;65m[38;2;255;255;255m▄[0m[48;2;0;0;0m[38;2;189;214;214m▄[0m[38;2;0;0;0m▄[0m
     [38;2;0;0;0m▀[0m[38;2;0;0;0m▀[0m [38;2;0;0;0m▀[0m[38;2;0;0;0m▀[0m[38;2;0;0;0m▀[0m[38;2;0;0;0m▀[0m[38;2;0;0;0m▀[0m[48;2;255;255;255m[38;2;0;0;0m▄[0m[48;2;189;214;214m[38;2;0;0;0m▄[0m[38;2;0;0;0m▀[0m
