Ariados
          [38;2;0;0;0m▄[0m[48;2;0;0;0m[38;2;247;206;41m▄[0m[38;2;0;0;0m▄[0m            
          [48;2;0;0;0m[38;2;0;0;0m▄[0m[48;2;247;206;41m[38;2;132;107;255m▄[0m[48;2;0;0;0m[38;2;206;140;41m▄[0m[38;2;0;0;0m▄[0m       [38;2;0;0;0m▄[0m[38;2;0;0;0m▄[0m[38;2;0;0;0m▄[0m 
          [48;2;0;0;0m[38;2;0;0;0m▄[0m[48;2;132;107;255m[38;2;132;107;255m▄[0m[48;2;132;107;255m[38;2;132;107;255m▄[0m[48;2;0;0;0m[38;2;65;65;65m▄[0m[38;2;0;0;0m▄[0m[38;2;0;0;0m▄[0m[38;2;0;0;0m▄[0m[38;2;0;0;0m▄[0m[38;2;0;0;0m▄[0m[48;2;0;0;0m[38;2;132;107;255m▄[0m[48;2;0;0;0m[38;2;247;206;41m▄[0m[48;2;247;206;41m[38;2;247;206;41m▄[0m[48;2;247;206;41m[38;2;0;0;0m▄[0m[38;2;0;0;0m▀[0m 
      [38;2;0;0;0m▄[0m[48;2;0;0;0m[38;2;132;107;255m▄[0m[48;2;0;0;0m[38;2;132;107;255m▄[0m[38;2;0;0;0m▄[0m [48;2;0;0;0m[38;2;0;0;0m▄[0m[48;2;247;206;41m[38;2;247;206;41m▄[0m[48;2;65;65;65m[38;2;247;206;41m▄[0m[48;2;255;115;107m[38;2;65;65;65m▄[0m[48;2;255;115;107m[38;2;65;65;65m▄[0m[48;2;255;115;107m[38;2;65;65;65m▄[0m[48;2;65;65;65m[38;2;247;206;41m▄[0m[48;2;132;107;255m[38;2;132;107;255m▄[0m[48;2;132;107;255m[38;2;132;107;255m▄[0m[48;2;132;107;255m[38;2;0;0;0m▄[0m[38;2;0;0;0m▀[0m   
     [48;2;0;0;0m[38;2;0;0;0m▄[0m[48;2;247;206;41m[38;2;0;0;0m▄[0m[48;2;0;0;0m[38;2;255;115;107m▄[0m[48;2;0;0;0m[38;2;255;115;107m▄[0m[48;2;0;0;0m[38;2;255;115;107m▄[0m[48;2;0;0;0m[38;2;65;65;65m▄[0m[48;2;255;115;107m[38;2;65;65;65m▄[0m[48;2;65;65;65m[38;2;255;115;107m▄[0m[48;2;65;65;65m[38;2;255;115;107m▄[0m[48;2;65;65;65m[38;2;65;65;65m▄[0m[48;2;206;140;41m[38;2;65;65;65m▄[0m[48;2;247;206;41m[38;2;247;206;41m▄[0m[48;2;247;206;41m[38;2;65;65;65m▄[0m[48;2;65;65;65m[38;2;132;107;255m▄[0m[48;2;65;65;65m[38;2;65;65;65m▄[0m[48;2;255;115;107m[38;2;247;66;82m▄[0m[48;2;0;0;0m[38;2;181;49;66m▄[0m[38;2;0;0;0m▄[0m  
  [38;2;0;0;0m▄[0m[38;2;0;0;0m▄[0m[48;2;0;0;0m[38;2;255;255;255m▄[0m[48;2;0;0;0m[38;2;255;255;255m▄[0m[48;2;247;66;82m[38;2;255;255;255m▄[0m[48;2;255;115;107m[38;2;65;65;65m▄[0m[48;2;255;115;107m[38;2;255;115;107m▄[0m[48;2;255;115;107m[38;2;247;66;82m▄[0m[48;2;247;66;82m[38;2;247;66;82m▄[0m[48;2;65;65;65m[38;2;247;66;82m▄[0m[48;2;65;65;65m[38;2;65;65;65m▄[0m[48;2;247;66;82m[38;2;247;66;82m▄[0m[48;2;247;66;82m[38;2;247;66;82m▄[0m[48;2;247;66;82m[38;2;247;66;82m▄[0m[48;2;65;65;65m[38;2;247;66;82m▄[0m[48;2;65;65;65m[38;2;181;49;66m▄[0m[48;2;132;107;255m[38;2;65;65;65m▄[0m[48;2;132;107;255m[38;2;132;107;255m▄[0m[48;2;65;65;65m[38;2;247;206;41m▄[0m[48;2;247;66;82m[38;2;65;65;65m▄[0m[48;2;65;65;65m[38;2;65;65;65m▄[0m[48;2;0;0;0m[38;2;206;140;41m▄[0m[38;2;0;0;0m▄[0m
 [38;2;0;0;0m▀[0m[48;2;255;255;255m[38;2;0;0;0m▄[0m[48;2;255;255;255m[38;2;0;0;0m▄[0m[48;2;255;255;255m[38;2;65;65;65m▄[0m[48;2;189;189;189m[38;2;65;65;65m▄[0m[48;2;189;189;189m[38;2;65;65;65m▄[0m[48;2;65;65;65m[38;2;247;66;82m▄[0m[48;2;247;66;82m[38;2;247;66;82m▄[0m[48;2;247;66;82m[38;2;99;66;197m▄[0m[48;2;247;66;82m[38;2;99;66;197m▄[0m[48;2;247;66;82m[38;2;247;66;82m▄[0m[48;2;65;65;65m[38;2;65;65;65m▄[0m[48;2;247;66;82m[38;2;247;66;82m▄[0m[48;2;65;65;65m[38;2;65;65;65m▄[0m[48;2;65;65;65m[38;2;132;107;255m▄[0m[48;2;247;66;82m[38;2;65;65;65m▄[0m[48;2;247;66;82m[38;2;247;66;82m▄[0m[48;2;65;65;65m[38;2;181;49;66m▄[0m[48;2;247;206;41m[38;2;65;65;65m▄[0m[48;2;247;206;41m[38;2;247;206;41m▄[0m[48;2;206;140;41m[38;2;247;206;41m▄[0m[48;2;0;0;0m[38;2;99;66;197m▄[0m[48;2;206;140;41m[38;2;0;0;0m▄[0m[38;2;0;0;0m▀[0m
[38;2;0;0;0m▄[0m[48;2;0;0;0m[38;2;247;206;41m▄[0m[48;2;247;206;41m[38;2;0;0;0m▄[0m[48;2;206;140;41m[38;2;65;65;65m▄[0m[48;2;99;66;197m[38;2;255;255;255m▄[0m[48;2;255;115;107m[38;2;255;115;107m▄[0m[48;2;247;66;82m[38;2;247;66;82m▄[0m[48;2;247;66;82m[38;2;247;66;82m▄[0m[48;2;132;107;255m[38;2;65;65;65m▄[0m[48;2;255;255;255m[38;2;0;0;0m▄[0m[48;2;99;66;197m[38;2;99;66;197m▄[0m[48;2;247;66;82m[38;2;247;66;82m▄[0m[48;2;65;65;65m[38;2;65;65;65m▄[0m[48;2;247;66;82m[38;2;0;0;0m▄[0m[48;2;99;66;197m[38;2;65;65;65m▄[0m[48;2;132;107;255m[38;2;247;206;41m▄[0m[48;2;247;206;41m[38;2;247;206;41m▄[0m[48;2;65;65;65m[38;2;247;206;41m▄[0m[48;2;181;49;66m[38;2;65;65;65m▄[0m[48;2;65;65;65m[38;2;0;0;0m▄[0m[48;2;0;0;0m[38;2;0;0;0m▄[0m[48;2;132;107;255m[38;2;132;107;255m▄[0m[48;2;132;107;255m[38;2;132;107;255m▄[0m[48;2;0;0;0m[38;2;0;0;0m▄[0m 
[38;2;0;0;0m▀[0m[38;2;0;0;0m▀[0m [38;2;0;0;0m▀[0m[48;2;255;255;255m[38;2;0;0;0m▄[0m[38;2;0;0;0m▀[0m[48;2;181;49;66m[38;2;0;0;0m▄[0m[48;2;247;66;82m[38;2;65;65;65m▄[0m[48;2;65;65;65m[38;2;255;255;255m▄[0m[48;2;65;65;65m[38;2;255;255;255m▄[0m[48;2;247;66;82m[38;2;0;0;0m▄[0m[48;2;65;65;65m[38;2;0;0;0m▄[0m[38;2;0;0;0m▀[0m [38;2;0;0;0m▀[0m[48;2;206;140;41m[38;2;0;0;0m▄[0m[48;2;247;206;41m[38;2;132;107;255m▄[0m[48;2;132;107;255m[38;2;132;107;255m▄[0m[48;2;0;0;0m[38;2;0;0;0m▄[0m  [48;2;0;0;0m[38;2;0;0;0m▄[0m[48;2;247;206;41m[38;2;247;206;41m▄[0m[48;2;0;0;0m[38;2;0;0;0m▄[0m 
      [38;2;0;0;0m▀[0m[48;2;255;255;255m[38;2;0;0;0m▄[0m[48;2;255;255;255m[38;2;0;0;0m▄[0m[38;2;0;0;0m▀[0m     [38;2;0;0;0m▀[0m[48;2;99;66;197m[38;2;0;0;0m▄[0m[48;2;132;107;255m[38;2;247;206;41m▄[0m[48;2;0;0;0m[38;2;0;0;0m▄[0m   [38;2;0;0;0m▀[0m  
                [38;2;0;0;0m▀[0m[48;2;247;206;41m[38;2;0;0;0m▄[0m[38;2;0;0;0m▀[0m      
