Togepi
     [38;2;0;0;0m▄[0m[48;2;0;0;0m[38;2;246;228;163m▄[0m[48;2;0;0;0m[38;2;246;228;163m▄[0m[38;2;0;0;0m▄[0m [38;2;0;0;0m▄[0m[38;2;0;0;0m▄[0m    
  [38;2;0;0;0m▄[0m[48;2;0;0;0m[38;2;246;228;163m▄[0m[48;2;0;0;0m[38;2;126;88;54m▄[0m[48;2;126;88;54m[38;2;235;166;99m▄[0m[48;2;181;131;73m[38;2;126;88;54m▄[0m[48;2;126;88;54m[38;2;246;228;163m▄[0m[48;2;126;88;54m[38;2;126;88;54m▄[0m[48;2;0;0;0m[38;2;181;131;73m▄[0m[48;2;246;228;163m[38;2;181;131;73m▄[0m[48;2;246;228;163m[38;2;235;166;99m▄[0m[48;2;0;0;0m[38;2;0;0;0m▄[0m[38;2;0;0;0m▄[0m  
  [48;2;0;0;0m[38;2;0;0;0m▄[0m[48;2;246;228;163m[38;2;235;166;99m▄[0m[48;2;246;228;163m[38;2;246;228;163m▄[0m[48;2;126;88;54m[38;2;235;166;99m▄[0m[48;2;246;228;163m[38;2;246;228;163m▄[0m[48;2;246;228;163m[38;2;246;228;163m▄[0m[48;2;235;166;99m[38;2;246;228;163m▄[0m[48;2;126;88;54m[38;2;126;88;54m▄[0m[48;2;235;166;99m[38;2;126;88;54m▄[0m[48;2;126;88;54m[38;2;246;228;163m▄[0m[48;2;181;131;73m[38;2;246;228;163m▄[0m[48;2;246;228;163m[38;2;235;166;99m▄[0m[48;2;0;0;0m[38;2;0;0;0m▄[0m 
  [38;2;0;0;0m▀[0m[48;2;181;131;73m[38;2;0;0;0m▄[0m[48;2;246;228;163m[38;2;246;228;163m▄[0m[48;2;255;255;255m[38;2;0;0;0m▄[0m[48;2;246;228;163m[38;2;246;228;163m▄[0m[48;2;246;228;163m[38;2;246;228;163m▄[0m[48;2;235;166;99m[38;2;255;255;255m▄[0m[48;2;246;228;163m[38;2;235;166;99m▄[0m[48;2;246;228;163m[38;2;246;228;163m▄[0m[48;2;246;228;163m[38;2;246;228;163m▄[0m[48;2;246;228;163m[38;2;235;166;99m▄[0m[48;2;235;166;99m[38;2;126;88;54m▄[0m[48;2;0;0;0m[38;2;0;0;0m▄[0m 
[38;2;0;0;0m▄[0m[48;2;0;0;0m[38;2;235;166;99m▄[0m[48;2;0;0;0m[38;2;65;65;65m▄[0m[48;2;65;65;65m[38;2;255;255;255m▄[0m[48;2;235;166;99m[38;2;65;65;65m▄[0m[48;2;246;228;163m[38;2;132;132;156m▄[0m[48;2;255;123;165m[38;2;181;99;132m▄[0m[48;2;246;228;163m[38;2;246;228;163m▄[0m[48;2;0;0;0m[38;2;246;228;163m▄[0m[48;2;235;166;99m[38;2;246;228;163m▄[0m[48;2;246;228;163m[38;2;65;65;65m▄[0m[48;2;235;166;99m[38;2;235;166;99m▄[0m[48;2;235;166;99m[38;2;65;65;65m▄[0m[48;2;0;0;0m[38;2;255;255;255m▄[0m[38;2;0;0;0m▄[0m 
 [38;2;0;0;0m▀[0m[48;2;65;65;65m[38;2;0;0;0m▄[0m[48;2;255;255;255m[38;2;198;180;180m▄[0m[48;2;198;180;180m[38;2;255;255;255m▄[0m[48;2;255;255;255m[38;2;255;255;255m▄[0m[48;2;255;255;255m[38;2;255;255;255m▄[0m[48;2;65;65;65m[38;2;255;255;255m▄[0m[48;2;132;132;156m[38;2;132;132;156m▄[0m[48;2;65;65;65m[38;2;255;255;255m▄[0m[48;2;255;255;255m[38;2;255;255;255m▄[0m[48;2;65;65;65m[38;2;255;255;255m▄[0m[48;2;255;255;255m[38;2;255;255;255m▄[0m[48;2;255;255;255m[38;2;65;65;65m▄[0m[48;2;0;0;0m[38;2;0;0;0m▄[0m 
  [38;2;0;0;0m▀[0m[48;2;58;132;247m[38;2;0;0;0m▄[0m[48;2;198;180;180m[38;2;58;132;247m▄[0m[48;2;255;255;255m[38;2;198;180;180m▄[0m[48;2;255;141;117m[38;2;230;74;41m▄[0m[48;2;255;141;117m[38;2;255;255;255m▄[0m[48;2;255;255;255m[38;2;255;141;117m▄[0m[48;2;255;255;255m[38;2;255;255;255m▄[0m[48;2;255;255;255m[38;2;255;255;255m▄[0m[48;2;255;255;255m[38;2;198;180;180m▄[0m[48;2;132;132;156m[38;2;198;180;180m▄[0m[48;2;235;166;99m[38;2;0;0;0m▄[0m[48;2;246;228;163m[38;2;0;0;0m▄[0m[38;2;0;0;0m▀[0m
   [48;2;0;0;0m[38;2;0;0;0m▄[0m[48;2;65;65;65m[38;2;235;166;99m▄[0m[48;2;198;180;180m[38;2;126;88;54m▄[0m[48;2;230;74;41m[38;2;0;0;0m▄[0m[48;2;230;74;41m[38;2;198;180;180m▄[0m[48;2;198;180;180m[38;2;198;180;180m▄[0m[48;2;198;180;180m[38;2;198;180;180m▄[0m[48;2;58;132;247m[38;2;132;132;156m▄[0m[48;2;198;180;180m[38;2;65;65;65m▄[0m[48;2;65;65;65m[38;2;0;0;0m▄[0m[38;2;0;0;0m▀[0m  
    [38;2;0;0;0m▀[0m[38;2;0;0;0m▀[0m [38;2;0;0;0m▀[0m[38;2;0;0;0m▀[0m[48;2;126;88;54m[38;2;0;0;0m▄[0m[48;2;235;166;99m[38;2;0;0;0m▄[0m[38;2;0;0;0m▀[0m    
