Pineco
        [38;2;0;0;0m▄[0m[48;2;0;0;0m[38;2;239;225;77m▄[0m[38;2;0;0;0m▄[0m      
   [38;2;0;0;0m▄[0m[48;2;0;0;0m[38;2;239;225;77m▄[0m[48;2;0;0;0m[38;2;239;225;77m▄[0m[48;2;0;0;0m[38;2;207;143;54m▄[0m[38;2;0;0;0m▄[0m[48;2;0;0;0m[38;2;228;195;38m▄[0m[48;2;239;225;77m[38;2;228;195;38m▄[0m[48;2;0;0;0m[38;2;207;143;54m▄[0m[38;2;0;0;0m▄[0m[38;2;0;0;0m▄[0m[38;2;0;0;0m▄[0m   
 [48;2;0;0;0m[38;2;0;0;0m▄[0m[48;2;0;0;0m[38;2;239;225;77m▄[0m[48;2;65;65;65m[38;2;239;225;77m▄[0m[48;2;65;65;65m[38;2;239;225;77m▄[0m[48;2;207;143;54m[38;2;65;65;65m▄[0m[48;2;228;195;38m[38;2;207;143;54m▄[0m[48;2;65;65;65m[38;2;207;143;54m▄[0m[48;2;228;195;38m[38;2;65;65;65m▄[0m[48;2;207;143;54m[38;2;207;143;54m▄[0m[48;2;207;143;54m[38;2;165;101;19m▄[0m[48;2;0;0;0m[38;2;228;195;38m▄[0m[48;2;239;225;77m[38;2;207;143;54m▄[0m[48;2;239;225;77m[38;2;65;65;65m▄[0m[48;2;0;0;0m[38;2;0;0;0m▄[0m[38;2;0;0;0m▄[0m 
 [38;2;0;0;0m▀[0m[48;2;165;101;19m[38;2;0;0;0m▄[0m[48;2;207;143;54m[38;2;189;189;206m▄[0m[48;2;228;195;38m[38;2;207;143;54m▄[0m[48;2;228;195;38m[38;2;228;195;38m▄[0m[48;2;65;65;65m[38;2;207;143;54m▄[0m[48;2;207;143;54m[38;2;165;101;19m▄[0m[48;2;165;101;19m[38;2;65;65;65m▄[0m[48;2;165;101;19m[38;2;65;65;65m▄[0m[48;2;165;101;19m[38;2;65;65;65m▄[0m[48;2;65;65;65m[38;2;65;65;65m▄[0m[48;2;65;65;65m[38;2;228;195;38m▄[0m[48;2;239;225;77m[38;2;228;195;38m▄[0m[48;2;239;225;77m[38;2;207;143;54m▄[0m[48;2;239;225;77m[38;2;165;101;19m▄[0m[48;2;0;0;0m[38;2;0;0;0m▄[0m
 [38;2;0;0;0m▄[0m[48;2;0;0;0m[38;2;65;65;65m▄[0m[48;2;255;255;255m[38;2;65;65;65m▄[0m[48;2;214;99;66m[38;2;0;0;0m▄[0m[48;2;207;143;54m[38;2;165;101;19m▄[0m[48;2;65;65;65m[38;2;165;101;19m▄[0m[48;2;65;65;65m[38;2;207;143;54m▄[0m[48;2;207;143;54m[38;2;214;99;66m▄[0m[48;2;239;225;77m[38;2;255;255;255m▄[0m[48;2;239;225;77m[38;2;65;65;65m▄[0m[48;2;239;225;77m[38;2;65;65;65m▄[0m[48;2;65;65;65m[38;2;65;65;65m▄[0m[48;2;207;143;54m[38;2;207;143;54m▄[0m[48;2;0;0;0m[38;2;0;0;0m▄[0m[38;2;0;0;0m▀[0m 
[48;2;0;0;0m[38;2;0;0;0m▄[0m[48;2;239;225;77m[38;2;165;101;19m▄[0m[48;2;228;195;38m[38;2;165;101;19m▄[0m[48;2;65;65;65m[38;2;239;225;77m▄[0m[48;2;228;195;38m[38;2;239;225;77m▄[0m[48;2;228;195;38m[38;2;239;225;77m▄[0m[48;2;228;195;38m[38;2;228;195;38m▄[0m[48;2;0;0;0m[38;2;228;195;38m▄[0m[48;2;214;99;66m[38;2;65;65;65m▄[0m[48;2;255;255;255m[38;2;65;65;65m▄[0m[48;2;189;189;206m[38;2;228;195;38m▄[0m[48;2;65;65;65m[38;2;228;195;38m▄[0m[48;2;207;143;54m[38;2;65;65;65m▄[0m[48;2;228;195;38m[38;2;207;143;54m▄[0m[48;2;228;195;38m[38;2;239;225;77m▄[0m[48;2;0;0;0m[38;2;239;225;77m▄[0m[38;2;0;0;0m▄[0m
 [38;2;0;0;0m▀[0m[48;2;0;0;0m[38;2;0;0;0m▄[0m[48;2;65;65;65m[38;2;65;65;65m▄[0m[48;2;65;65;65m[38;2;207;143;54m▄[0m[48;2;239;225;77m[38;2;65;65;65m▄[0m[48;2;239;225;77m[38;2;65;65;65m▄[0m[48;2;207;143;54m[38;2;65;65;65m▄[0m[48;2;65;65;65m[38;2;207;143;54m▄[0m[48;2;207;143;54m[38;2;65;65;65m▄[0m[48;2;239;225;77m[38;2;207;143;54m▄[0m[48;2;239;225;77m[38;2;207;143;54m▄[0m[48;2;239;225;77m[38;2;207;143;54m▄[0m[48;2;65;65;65m[38;2;65;65;65m▄[0m[48;2;207;143;54m[38;2;0;0;0m▄[0m[48;2;207;143;54m[38;2;0;0;0m▄[0m[38;2;0;0;0m▀[0m
   [38;2;0;0;0m▀[0m[48;2;228;195;38m[38;2;0;0;0m▄[0m[48;2;228;195;38m[38;2;65;65;65m▄[0m[48;2;65;65;65m[38;2;165;101;19m▄[0m[48;2;207;143;54m[38;2;65;65;65m▄[0m[48;2;207;143;54m[38;2;228;195;38m▄[0m[48;2;207;143;54m[38;2;228;195;38m▄[0m[48;2;65;65;65m[38;2;207;143;54m▄[0m[48;2;65;65;65m[38;2;65;65;65m▄[0m[48;2;65;65;65m[38;2;207;143;54m▄[0m[48;2;165;101;19m[38;2;0;0;0m▄[0m[38;2;0;0;0m▀[0m  
    [38;2;0;0;0m▀[0m[48;2;207;143;54m[38;2;0;0;0m▄[0m[48;2;65;65;65m[38;2;0;0;0m▄[0m[48;2;165;101;19m[38;2;0;0;0m▄[0m[48;2;65;65;65m[38;2;207;143;54m▄[0m[48;2;65;65;65m[38;2;207;143;54m▄[0m[48;2;65;65;65m[38;2;0;0;0m▄[0m[48;2;165;101;19m[38;2;0;0;0m▄[0m[48;2;207;143;54m[38;2;0;0;0m▄[0m[38;2;0;0;0m▀[0m   
        [38;2;0;0;0m▀[0m[38;2;0;0;0m▀[0m       
