Shuckle
     [38;2;0;0;0m▄[0m[38;2;0;0;0m▄[0m[48;2;0;0;0m[38;2;255;239;148m▄[0m[48;2;0;0;0m[38;2;255;239;148m▄[0m[48;2;0;0;0m[38;2;255;239;148m▄[0m[48;2;0;0;0m[38;2;255;223;57m▄[0m[38;2;0;0;0m▄[0m[38;2;0;0;0m▄[0m                 
   [38;2;0;0;0m▄[0m[48;2;0;0;0m[38;2;255;223;57m▄[0m[48;2;255;223;57m[38;2;255;223;57m▄[0m[48;2;255;239;145m[38;2;255;223;57m▄[0m[48;2;255;239;145m[38;2;255;239;145m▄[0m[48;2;255;239;145m[38;2;255;239;145m▄[0m[48;2;255;239;145m[38;2;255;239;145m▄[0m[48;2;255;239;145m[38;2;255;223;57m▄[0m[48;2;255;223;57m[38;2;255;223;57m▄[0m[48;2;255;223;57m[38;2;255;223;57m▄[0m[48;2;0;0;0m[38;2;0;0;0m▄[0m                
  [38;2;0;0;0m▄[0m[48;2;0;0;0m[38;2;255;223;57m▄[0m[48;2;255;223;66m[38;2;255;223;66m▄[0m[48;2;85;74;38m[38;2;0;0;24m▄[0m[48;2;255;222;57m[38;2;255;222;57m▄[0m[48;2;255;222;57m[38;2;255;222;57m▄[0m[48;2;255;223;57m[38;2;66;65;66m▄[0m[48;2;255;223;57m[38;2;255;223;57m▄[0m[48;2;255;222;57m[38;2;255;222;57m▄[0m[48;2;255;222;57m[38;2;255;222;57m▄[0m[48;2;255;223;57m[38;2;255;223;57m▄[0m[48;2;255;223;57m[38;2;214;166;82m▄[0m[48;2;0;0;0m[38;2;0;0;0m▄[0m               
  [48;2;0;0;0m[38;2;0;0;0m▄[0m[48;2;255;223;57m[38;2;255;223;57m▄[0m[48;2;255;222;57m[38;2;255;222;57m▄[0m[48;2;255;222;57m[38;2;255;222;57m▄[0m[48;2;255;222;57m[38;2;255;222;57m▄[0m[48;2;255;222;57m[38;2;255;222;57m▄[0m[48;2;0;0;0m[38;2;255;223;57m▄[0m[48;2;255;223;57m[38;2;255;223;57m▄[0m[48;2;255;223;57m[38;2;214;166;82m▄[0m[48;2;255;223;57m[38;2;214;166;82m▄[0m[48;2;214;166;82m[38;2;214;166;82m▄[0m[48;2;214;166;82m[38;2;0;0;0m▄[0m[38;2;0;0;0m▀[0m               
   [38;2;0;0;0m▀[0m[48;2;255;223;57m[38;2;0;0;0m▄[0m[48;2;255;223;57m[38;2;0;0;0m▄[0m[48;2;255;223;66m[38;2;0;0;24m▄[0m[48;2;255;223;66m[38;2;85;74;38m▄[0m[48;2;214;166;82m[38;2;66;65;66m▄[0m[48;2;66;65;66m[38;2;214;166;82m▄[0m[48;2;214;165;82m[38;2;214;165;82m▄[0m[48;2;214;165;82m[38;2;214;165;82m▄[0m[48;2;214;166;82m[38;2;0;0;0m▄[0m[38;2;0;0;0m▀[0m                
       [38;2;0;0;0m▀[0m[48;2;214;166;82m[38;2;0;0;0m▄[0m[48;2;214;166;82m[38;2;214;166;82m▄[0m[48;2;214;165;82m[38;2;214;165;82m▄[0m[48;2;214;165;82m[38;2;214;165;82m▄[0m[48;2;0;0;0m[38;2;66;65;66m▄[0m[38;2;0;0;0m▄[0m[48;2;0;0;0m[38;2;75;166;248m▄[0m[48;2;0;0;0m[38;2;75;166;248m▄[0m[48;2;0;0;0m[38;2;75;166;248m▄[0m[48;2;0;0;0m[38;2;75;166;248m▄[0m[38;2;0;0;0m▄[0m[38;2;0;0;0m▄[0m[38;2;0;0;0m▄[0m         
        [38;2;0;0;8m▀[0m[48;2;198;158;90m[38;2;83;82;83m▄[0m[48;2;214;165;82m[38;2;214;165;82m▄[0m[48;2;214;165;82m[38;2;214;165;82m▄[0m[48;2;66;65;66m[38;2;214;182;107m▄[0m[48;2;203;222;231m[38;2;66;65;66m▄[0m[48;2;60;59;60m[38;2;246;255;255m▄[0m[48;2;106;189;254m[38;2;60;59;60m▄[0m[48;2;75;166;248m[38;2;75;166;248m▄[0m[48;2;66;65;66m[38;2;66;65;66m▄[0m[48;2;255;255;255m[38;2;255;255;255m▄[0m[48;2;74;69;66m[38;2;197;216;225m▄[0m[48;2;66;65;66m[38;2;66;65;66m▄[0m[48;2;0;0;0m[38;2;66;65;66m▄[0m[38;2;0;0;0m▄[0m       
       [38;2;0;0;0m▄[0m[48;2;0;0;8m[38;2;71;66;54m▄[0m[48;2;71;66;54m[38;2;225;244;253m▄[0m[48;2;214;166;82m[38;2;66;65;66m▄[0m[48;2;214;166;82m[38;2;214;166;82m▄[0m[48;2;214;166;82m[38;2;214;166;82m▄[0m[48;2;66;65;66m[38;2;66;65;66m▄[0m[48;2;255;255;255m[38;2;255;255;255m▄[0m[48;2;255;255;255m[38;2;255;255;255m▄[0m[48;2;66;65;66m[38;2;66;65;66m▄[0m[48;2;75;166;248m[38;2;75;166;248m▄[0m[48;2;60;59;60m[38;2;106;189;254m▄[0m[48;2;246;255;255m[38;2;60;59;60m▄[0m[48;2;255;255;255m[38;2;66;65;66m▄[0m[48;2;255;255;255m[38;2;66;65;66m▄[0m[48;2;0;0;0m[38;2;29;123;233m▄[0m[38;2;0;0;0m▄[0m      
      [38;2;0;0;0m▄[0m[48;2;0;0;0m[38;2;29;123;233m▄[0m[48;2;58;57;58m[38;2;57;150;243m▄[0m[48;2;212;231;240m[38;2;58;57;58m▄[0m[48;2;224;243;252m[38;2;224;243;252m▄[0m[48;2;66;65;66m[38;2;224;243;252m▄[0m[48;2;66;65;66m[38;2;255;255;255m▄[0m[48;2;255;255;255m[38;2;255;255;255m▄[0m[48;2;255;255;255m[38;2;150;170;178m▄[0m[48;2;66;65;57m[38;2;255;255;255m▄[0m[48;2;75;166;248m[38;2;66;65;66m▄[0m[48;2;75;166;248m[38;2;75;166;248m▄[0m[48;2;75;166;248m[38;2;255;255;255m▄[0m[48;2;75;166;248m[38;2;255;255;255m▄[0m[48;2;34;127;234m[38;2;34;127;234m▄[0m[48;2;34;127;234m[38;2;66;65;66m▄[0m[48;2;66;65;66m[38;2;224;243;252m▄[0m[48;2;224;243;252m[38;2;224;243;252m▄[0m[48;2;0;0;0m[38;2;0;0;0m▄[0m[38;2;0;0;0m▄[0m[38;2;0;0;0m▄[0m   
  [38;2;0;0;0m▄[0m[38;2;0;0;0m▄[0m[48;2;0;4;8m[38;2;214;166;90m▄[0m[48;2;0;4;8m[38;2;60;59;60m▄[0m[48;2;145;164;172m[38;2;145;164;172m▄[0m[48;2;66;65;66m[38;2;66;65;66m▄[0m[48;2;32;126;234m[38;2;32;126;234m▄[0m[48;2;32;126;234m[38;2;32;126;234m▄[0m[48;2;66;65;66m[38;2;34;127;234m▄[0m[48;2;66;65;66m[38;2;34;127;234m▄[0m[48;2;66;65;66m[38;2;66;65;66m▄[0m[48;2;66;65;66m[38;2;66;65;66m▄[0m[48;2;255;255;255m[38;2;66;65;66m▄[0m[48;2;255;255;255m[38;2;66;65;66m▄[0m[48;2;66;65;66m[38;2;75;166;248m▄[0m[48;2;75;166;248m[38;2;75;166;248m▄[0m[48;2;255;255;255m[38;2;32;126;234m▄[0m[48;2;206;225;234m[38;2;32;126;234m▄[0m[48;2;34;127;234m[38;2;34;127;234m▄[0m[48;2;66;65;66m[38;2;66;65;66m▄[0m[48;2;216;235;244m[38;2;216;235;244m▄[0m[48;2;97;96;97m[38;2;0;0;8m▄[0m[48;2;214;165;82m[38;2;214;165;82m▄[0m[48;2;214;165;82m[38;2;214;165;82m▄[0m[48;2;214;166;82m[38;2;214;166;82m▄[0m[48;2;0;0;0m[38;2;214;166;82m▄[0m[48;2;0;0;0m[38;2;214;166;82m▄[0m[38;2;0;0;0m▄[0m
[38;2;0;0;0m▄[0m[48;2;0;0;0m[38;2;214;166;82m▄[0m[48;2;214;165;82m[38;2;214;165;82m▄[0m[48;2;214;165;82m[38;2;214;165;82m▄[0m[48;2;214;166;82m[38;2;214;166;82m▄[0m[48;2;214;166;82m[38;2;0;0;0m▄[0m[48;2;72;71;72m[38;2;0;0;0m▄[0m[48;2;143;162;171m[38;2;0;0;0m▄[0m[48;2;1;77;189m[38;2;0;8;8m▄[0m[48;2;45;138;239m[38;2;0;8;8m▄[0m[48;2;17;110;227m[38;2;72;71;72m▄[0m[48;2;72;71;72m[38;2;255;255;255m▄[0m[48;2;255;255;255m[38;2;255;255;255m▄[0m[48;2;255;255;255m[38;2;66;65;66m▄[0m[48;2;255;255;255m[38;2;74;73;66m▄[0m[48;2;206;225;234m[38;2;206;225;234m▄[0m[48;2;58;57;58m[38;2;212;231;240m▄[0m[48;2;57;150;243m[38;2;58;57;58m▄[0m[48;2;32;126;234m[38;2;32;126;234m▄[0m[48;2;32;126;234m[38;2;32;126;234m▄[0m[48;2;29;123;233m[38;2;29;123;233m▄[0m[48;2;29;123;233m[38;2;0;0;0m▄[0m[38;2;0;0;0m▀[0m [38;2;0;0;0m▀[0m[38;2;0;0;0m▀[0m[38;2;0;0;0m▀[0m[48;2;214;166;82m[38;2;0;0;0m▄[0m[48;2;214;166;82m[38;2;0;0;0m▄[0m[38;2;0;0;0m▀[0m
[38;2;0;0;0m▀[0m[48;2;214;166;82m[38;2;0;0;0m▄[0m[48;2;214;166;82m[38;2;0;0;0m▄[0m[38;2;0;0;0m▀[0m[38;2;0;0;0m▀[0m     [38;2;0;0;0m▀[0m[48;2;224;243;252m[38;2;0;0;0m▄[0m[48;2;74;65;74m[38;2;194;170;68m▄[0m[48;2;255;223;66m[38;2;255;223;66m▄[0m[48;2;255;223;57m[38;2;255;223;57m▄[0m[48;2;66;65;66m[38;2;66;65;66m▄[0m[48;2;225;244;253m[38;2;0;0;8m▄[0m[48;2;67;66;67m[38;2;0;0;8m▄[0m[48;2;29;123;233m[38;2;0;0;0m▄[0m[38;2;0;0;0m▀[0m[38;2;0;0;0m▀[0m         
           [48;2;0;0;0m[38;2;0;0;0m▄[0m[48;2;255;222;57m[38;2;255;222;57m▄[0m[48;2;255;222;57m[38;2;255;222;57m▄[0m[48;2;255;223;57m[38;2;255;223;57m▄[0m[48;2;0;0;0m[38;2;0;0;0m▄[0m              
           [38;2;0;0;0m▀[0m[48;2;239;195;66m[38;2;0;0;0m▄[0m[48;2;239;195;66m[38;2;0;0;0m▄[0m[48;2;214;166;82m[38;2;0;0;0m▄[0m[38;2;0;0;0m▀[0m              
