Houndoom
   [38;2;0;0;0m▄[0m[48;2;0;0;0m[38;2;189;189;189m▄[0m[48;2;0;0;0m[38;2;255;255;255m▄[0m[48;2;0;0;0m[38;2;255;255;255m▄[0m[38;2;0;0;0m▄[0m[38;2;0;0;0m▄[0m[38;2;0;0;0m▄[0m[38;2;0;0;0m▄[0m         
  [48;2;0;0;0m[38;2;0;0;0m▄[0m[48;2;255;255;255m[38;2;255;255;255m▄[0m[48;2;255;255;255m[38;2;255;255;255m▄[0m[48;2;189;189;189m[38;2;65;65;65m▄[0m[48;2;65;65;65m[38;2;65;65;65m▄[0m[48;2;65;65;65m[38;2;255;255;255m▄[0m[48;2;255;255;255m[38;2;255;255;255m▄[0m[48;2;255;255;255m[38;2;255;255;255m▄[0m[48;2;255;255;255m[38;2;255;255;255m▄[0m[48;2;0;0;0m[38;2;255;255;255m▄[0m[38;2;0;0;0m▄[0m   [38;2;0;0;0m▄[0m[38;2;0;0;0m▄[0m[38;2;0;0;0m▄[0m 
  [38;2;0;0;0m▄[0m[48;2;0;0;0m[38;2;247;148;41m▄[0m[48;2;65;65;65m[38;2;115;115;115m▄[0m[48;2;115;115;115m[38;2;115;115;115m▄[0m[48;2;65;65;65m[38;2;115;115;115m▄[0m[48;2;255;255;255m[38;2;65;65;65m▄[0m[48;2;255;255;255m[38;2;0;0;0m▄[0m[38;2;0;0;0m▀[0m[38;2;0;0;0m▀[0m[48;2;255;255;255m[38;2;0;0;0m▄[0m[38;2;0;0;0m▀[0m   [48;2;0;0;0m[38;2;0;0;0m▄[0m[38;2;0;0;0m▀[0m[38;2;0;0;0m▄[0m 
[38;2;0;0;0m▄[0m[48;2;0;0;0m[38;2;247;148;41m▄[0m[48;2;115;115;115m[38;2;247;148;41m▄[0m[48;2;247;148;41m[38;2;247;148;41m▄[0m[48;2;115;115;115m[38;2;206;107;74m▄[0m[48;2;115;115;115m[38;2;0;0;0m▄[0m[48;2;255;255;255m[38;2;255;255;255m▄[0m[48;2;115;115;115m[38;2;115;115;115m▄[0m[48;2;65;65;65m[38;2;115;115;115m▄[0m[48;2;0;0;0m[38;2;0;0;0m▄[0m        [38;2;65;65;65m▀[0m[48;2;0;0;0m[38;2;0;0;0m▄[0m
[38;2;0;0;0m▀[0m[48;2;65;65;65m[38;2;0;0;0m▄[0m[48;2;247;148;41m[38;2;0;0;0m▄[0m[48;2;247;148;41m[38;2;206;107;74m▄[0m[48;2;247;148;41m[38;2;206;107;74m▄[0m[48;2;247;148;41m[38;2;65;65;65m▄[0m[48;2;115;115;115m[38;2;115;115;115m▄[0m[48;2;115;115;115m[38;2;115;115;115m▄[0m[48;2;115;115;115m[38;2;115;115;115m▄[0m[48;2;0;0;0m[38;2;65;65;65m▄[0m[38;2;0;0;0m▄[0m [38;2;0;0;0m▄[0m[38;2;0;0;0m▄[0m[38;2;0;0;0m▄[0m[38;2;0;0;0m▄[0m  [38;2;65;65;65m▄[0m[48;2;0;0;0m[38;2;0;0;0m▄[0m
   [38;2;0;0;0m▀[0m[48;2;0;0;0m[38;2;0;0;0m▄[0m[48;2;115;115;115m[38;2;115;115;115m▄[0m[48;2;115;115;115m[38;2;115;115;115m▄[0m[48;2;115;115;115m[38;2;115;115;115m▄[0m[48;2;65;65;65m[38;2;65;65;65m▄[0m[48;2;255;255;255m[38;2;255;255;255m▄[0m[48;2;65;65;65m[38;2;65;65;65m▄[0m[48;2;0;0;0m[38;2;255;255;255m▄[0m[48;2;255;255;255m[38;2;115;115;115m▄[0m[48;2;115;115;115m[38;2;255;255;255m▄[0m[48;2;255;255;255m[38;2;115;115;115m▄[0m[48;2;115;115;115m[38;2;255;255;255m▄[0m[48;2;0;0;0m[38;2;115;115;115m▄[0m[48;2;65;65;65m[38;2;0;0;0m▄[0m[38;2;0;0;0m▀[0m 
   [48;2;0;0;0m[38;2;0;0;0m▄[0m[48;2;255;255;255m[38;2;255;255;255m▄[0m[48;2;189;189;189m[38;2;115;115;115m▄[0m[48;2;115;115;115m[38;2;65;65;65m▄[0m[48;2;65;65;65m[38;2;255;255;255m▄[0m[48;2;255;255;255m[38;2;189;189;189m▄[0m[48;2;189;189;189m[38;2;65;65;65m▄[0m[48;2;65;65;65m[38;2;115;115;115m▄[0m[48;2;255;255;255m[38;2;189;189;189m▄[0m[48;2;115;115;115m[38;2;115;115;115m▄[0m[48;2;255;255;255m[38;2;189;189;189m▄[0m[48;2;115;115;115m[38;2;115;115;115m▄[0m[48;2;255;255;255m[38;2;115;115;115m▄[0m[48;2;115;115;115m[38;2;115;115;115m▄[0m[48;2;0;0;0m[38;2;0;0;0m▄[0m  
   [38;2;0;0;0m▀[0m[48;2;115;115;115m[38;2;0;0;0m▄[0m[48;2;115;115;115m[38;2;206;107;74m▄[0m[48;2;115;115;115m[38;2;115;115;115m▄[0m[48;2;115;115;115m[38;2;115;115;115m▄[0m[48;2;115;115;115m[38;2;115;115;115m▄[0m[48;2;115;115;115m[38;2;115;115;115m▄[0m[48;2;115;115;115m[38;2;115;115;115m▄[0m[48;2;115;115;115m[38;2;115;115;115m▄[0m[48;2;115;115;115m[38;2;206;107;74m▄[0m[48;2;115;115;115m[38;2;206;107;74m▄[0m[48;2;65;65;65m[38;2;0;0;0m▄[0m[48;2;115;115;115m[38;2;115;115;115m▄[0m[48;2;115;115;115m[38;2;115;115;115m▄[0m[48;2;0;0;0m[38;2;0;0;0m▄[0m  
    [48;2;0;0;0m[38;2;0;0;0m▄[0m[48;2;65;65;65m[38;2;189;189;189m▄[0m[48;2;206;107;74m[38;2;65;65;65m▄[0m[48;2;206;107;74m[38;2;0;0;0m▄[0m[48;2;65;65;65m[38;2;65;65;65m▄[0m[48;2;115;115;115m[38;2;115;115;115m▄[0m[48;2;115;115;115m[38;2;115;115;115m▄[0m[48;2;206;107;74m[38;2;0;0;0m▄[0m[38;2;0;0;0m▀[0m[38;2;0;0;0m▀[0m [48;2;0;0;0m[38;2;0;0;0m▄[0m[48;2;148;148;156m[38;2;255;255;255m▄[0m[48;2;189;189;189m[38;2;255;255;255m▄[0m[48;2;0;0;0m[38;2;0;0;0m▄[0m 
   [48;2;0;0;0m[38;2;0;0;0m▄[0m[48;2;255;255;255m[38;2;115;115;115m▄[0m[48;2;255;255;255m[38;2;65;65;65m▄[0m[48;2;0;0;0m[38;2;0;0;0m▄[0m [48;2;0;0;0m[38;2;0;0;0m▄[0m[48;2;115;115;115m[38;2;189;189;189m▄[0m[48;2;65;65;65m[38;2;0;0;0m▄[0m[38;2;0;0;0m▀[0m   [38;2;0;0;0m▀[0m[48;2;115;115;115m[38;2;0;0;0m▄[0m[48;2;65;65;65m[38;2;0;0;0m▄[0m[38;2;0;0;0m▀[0m 
    [38;2;0;0;0m▀[0m[38;2;0;0;0m▀[0m [48;2;0;0;0m[38;2;0;0;0m▄[0m[48;2;255;255;255m[38;2;115;115;115m▄[0m[48;2;255;255;255m[38;2;65;65;65m▄[0m[48;2;0;0;0m[38;2;0;0;0m▄[0m         
        [38;2;0;0;0m▀[0m[38;2;0;0;0m▀[0m          
