Stantler
 [38;2;0;0;0m▄[0m[38;2;0;0;0m▄[0m[38;2;0;0;0m▄[0m[48;2;0;0;0m[38;2;251;255;133m▄[0m[38;2;0;0;0m▄[0m               
[38;2;0;0;0m▀[0m[48;2;251;255;133m[38;2;0;0;0m▄[0m[48;2;159;163;32m[38;2;251;255;133m▄[0m[48;2;0;0;0m[38;2;156;82;58m▄[0m[48;2;251;255;133m[38;2;65;65;65m▄[0m[48;2;0;0;0m[38;2;251;255;133m▄[0m[38;2;0;0;0m▄[0m  [38;2;0;0;0m▄[0m[48;2;0;0;0m[38;2;251;255;133m▄[0m[38;2;0;0;0m▄[0m[38;2;0;0;0m▄[0m[38;2;0;0;0m▄[0m       
 [38;2;0;0;0m▀[0m[48;2;251;255;133m[38;2;0;0;0m▄[0m[48;2;65;65;65m[38;2;251;255;133m▄[0m[48;2;65;65;65m[38;2;251;255;133m▄[0m[48;2;251;255;133m[38;2;251;255;133m▄[0m[48;2;0;0;0m[38;2;0;0;0m▄[0m [38;2;0;0;0m▄[0m[48;2;0;0;0m[38;2;251;255;133m▄[0m[48;2;251;255;133m[38;2;156;82;58m▄[0m[48;2;0;0;0m[38;2;65;65;65m▄[0m[48;2;159;163;32m[38;2;251;255;133m▄[0m[48;2;251;255;133m[38;2;0;0;0m▄[0m[38;2;0;0;0m▀[0m      
 [48;2;0;0;0m[38;2;0;0;0m▄[0m[48;2;251;255;133m[38;2;65;65;65m▄[0m[48;2;65;65;65m[38;2;201;234;1m▄[0m[48;2;65;65;65m[38;2;160;202;6m▄[0m[48;2;251;255;133m[38;2;120;162;7m▄[0m[48;2;65;65;65m[38;2;201;234;1m▄[0m[48;2;0;0;0m[38;2;201;234;1m▄[0m[48;2;65;65;65m[38;2;160;202;6m▄[0m[48;2;251;255;133m[38;2;251;255;133m▄[0m[48;2;65;65;65m[38;2;251;255;133m▄[0m[48;2;65;65;65m[38;2;251;255;133m▄[0m[48;2;251;255;133m[38;2;0;0;0m▄[0m[38;2;0;0;0m▀[0m       
  [38;2;0;0;0m▀[0m[48;2;201;234;1m[38;2;0;0;0m▄[0m[48;2;65;65;65m[38;2;65;65;65m▄[0m[48;2;201;234;1m[38;2;221;248;1m▄[0m[48;2;201;234;1m[38;2;201;234;1m▄[0m[48;2;160;202;6m[38;2;160;202;6m▄[0m[48;2;251;255;133m[38;2;120;162;7m▄[0m[48;2;160;202;6m[38;2;201;234;1m▄[0m[48;2;120;162;7m[38;2;201;234;1m▄[0m[48;2;251;255;133m[38;2;65;65;65m▄[0m[48;2;0;0;0m[38;2;201;234;1m▄[0m[38;2;0;0;0m▄[0m   [38;2;0;0;0m▄[0m[38;2;0;0;0m▄[0m  
  [38;2;0;0;0m▄[0m[48;2;0;0;0m[38;2;201;234;1m▄[0m[48;2;201;234;1m[38;2;221;248;1m▄[0m[48;2;221;248;1m[38;2;201;234;1m▄[0m[48;2;160;202;6m[38;2;160;202;6m▄[0m[48;2;201;234;1m[38;2;0;0;0m▄[0m[48;2;255;255;255m[38;2;255;255;255m▄[0m[48;2;120;162;7m[38;2;201;234;1m▄[0m[48;2;160;202;6m[38;2;65;65;65m▄[0m[48;2;201;234;1m[38;2;0;0;0m▄[0m[48;2;201;234;1m[38;2;0;0;0m▄[0m[38;2;0;0;0m▀[0m [38;2;0;0;0m▄[0m[48;2;0;0;0m[38;2;201;234;1m▄[0m[48;2;221;248;1m[38;2;221;248;1m▄[0m[48;2;221;248;1m[38;2;221;248;1m▄[0m[48;2;0;0;0m[38;2;201;234;1m▄[0m[38;2;0;0;0m▄[0m
  [48;2;0;0;0m[38;2;0;0;0m▄[0m[48;2;225;84;37m[38;2;177;70;36m▄[0m[48;2;177;70;36m[38;2;177;70;36m▄[0m[48;2;201;234;1m[38;2;65;65;65m▄[0m[48;2;201;234;1m[38;2;201;234;1m▄[0m[48;2;201;234;1m[38;2;201;234;1m▄[0m[48;2;201;234;1m[38;2;160;202;6m▄[0m[48;2;201;234;1m[38;2;160;202;6m▄[0m[48;2;0;0;0m[38;2;160;202;6m▄[0m[38;2;0;0;0m▄[0m[38;2;0;0;0m▄[0m[38;2;0;0;0m▄[0m[48;2;0;0;0m[38;2;201;234;1m▄[0m[48;2;65;65;65m[38;2;201;234;1m▄[0m[48;2;65;65;65m[38;2;201;234;1m▄[0m[48;2;201;234;1m[38;2;65;65;65m▄[0m[48;2;201;234;1m[38;2;201;234;1m▄[0m[48;2;201;234;1m[38;2;160;202;6m▄[0m[48;2;0;0;0m[38;2;0;0;0m▄[0m
   [38;2;0;0;0m▀[0m[38;2;0;0;0m▀[0m[38;2;0;0;0m▀[0m[48;2;160;202;6m[38;2;0;0;0m▄[0m[48;2;160;202;6m[38;2;65;65;65m▄[0m[48;2;65;65;65m[38;2;160;202;6m▄[0m[48;2;120;162;7m[38;2;160;202;6m▄[0m[48;2;160;202;6m[38;2;160;202;6m▄[0m[48;2;201;234;1m[38;2;201;234;1m▄[0m[48;2;201;234;1m[38;2;201;234;1m▄[0m[48;2;201;234;1m[38;2;255;242;110m▄[0m[48;2;201;234;1m[38;2;201;234;1m▄[0m[48;2;201;234;1m[38;2;255;242;110m▄[0m[48;2;201;234;1m[38;2;201;234;1m▄[0m[48;2;201;234;1m[38;2;201;234;1m▄[0m[48;2;65;65;65m[38;2;0;0;0m▄[0m[38;2;0;0;0m▀[0m 
      [48;2;0;0;0m[38;2;0;0;0m▄[0m[48;2;160;202;6m[38;2;201;234;1m▄[0m[48;2;160;202;6m[38;2;255;242;110m▄[0m[48;2;160;202;6m[38;2;201;234;1m▄[0m[48;2;201;234;1m[38;2;201;234;1m▄[0m[48;2;201;234;1m[38;2;201;234;1m▄[0m[48;2;201;234;1m[38;2;201;234;1m▄[0m[48;2;255;242;110m[38;2;201;234;1m▄[0m[48;2;201;234;1m[38;2;201;234;1m▄[0m[48;2;201;234;1m[38;2;160;202;6m▄[0m[48;2;221;248;1m[38;2;221;248;1m▄[0m[48;2;201;234;1m[38;2;201;234;1m▄[0m[48;2;0;0;0m[38;2;0;0;0m▄[0m  
       [48;2;0;0;0m[38;2;0;0;0m▄[0m[48;2;221;206;50m[38;2;160;202;6m▄[0m[48;2;255;242;110m[38;2;221;206;50m▄[0m[48;2;120;162;7m[38;2;65;65;65m▄[0m[48;2;201;234;1m[38;2;221;248;1m▄[0m[48;2;201;234;1m[38;2;201;234;1m▄[0m[48;2;160;202;6m[38;2;65;65;65m▄[0m[48;2;221;206;50m[38;2;0;0;0m▄[0m[48;2;65;65;65m[38;2;0;0;0m▄[0m[48;2;201;234;1m[38;2;0;0;0m▄[0m[48;2;221;248;1m[38;2;201;234;1m▄[0m[48;2;160;202;6m[38;2;201;234;1m▄[0m[48;2;0;0;0m[38;2;0;0;0m▄[0m 
      [38;2;0;0;0m▄[0m[48;2;0;0;0m[38;2;65;65;65m▄[0m[48;2;160;202;6m[38;2;65;65;65m▄[0m[48;2;0;0;0m[38;2;0;0;0m▄[0m[38;2;0;0;0m▀[0m[48;2;201;234;1m[38;2;0;0;0m▄[0m[48;2;221;248;1m[38;2;201;234;1m▄[0m[48;2;0;0;0m[38;2;0;0;0m▄[0m   [38;2;0;0;0m▀[0m[48;2;201;234;1m[38;2;0;0;0m▄[0m[48;2;160;202;6m[38;2;65;65;65m▄[0m[48;2;0;0;0m[38;2;0;0;0m▄[0m
      [38;2;0;0;0m▀[0m[38;2;0;0;0m▀[0m[38;2;0;0;0m▀[0m [38;2;0;0;0m▄[0m[48;2;0;0;0m[38;2;65;65;65m▄[0m[48;2;201;234;1m[38;2;65;65;65m▄[0m[48;2;0;0;0m[38;2;0;0;0m▄[0m    [38;2;0;0;0m▀[0m[38;2;0;0;0m▀[0m 
          [38;2;0;0;0m▀[0m[38;2;0;0;0m▀[0m[38;2;0;0;0m▀[0m        
