Sandshrew
  [38;2;0;0;0m▄[0m[48;2;0;0;0m[38;2;230;214;82m▄[0m[38;2;0;0;0m▄[0m  [38;2;0;0;0m▄[0m[38;2;0;0;0m▄[0m[38;2;0;0;0m▄[0m          
 [38;2;0;0;0m▄[0m[48;2;0;0;0m[38;2;181;156;49m▄[0m[48;2;181;156;49m[38;2;230;214;82m▄[0m[48;2;181;156;49m[38;2;230;214;82m▄[0m[48;2;0;0;0m[38;2;230;214;82m▄[0m[48;2;0;0;0m[38;2;181;156;49m▄[0m[48;2;230;214;82m[38;2;0;0;0m▄[0m[48;2;230;214;82m[38;2;0;0;0m▄[0m[48;2;230;214;82m[38;2;0;0;0m▄[0m[48;2;0;0;0m[38;2;230;214;82m▄[0m[48;2;0;0;0m[38;2;181;156;49m▄[0m[38;2;0;0;0m▄[0m       
[38;2;0;0;0m▄[0m[48;2;0;0;0m[38;2;181;156;49m▄[0m[48;2;230;214;82m[38;2;181;156;49m▄[0m[48;2;181;156;49m[38;2;230;214;82m▄[0m[48;2;181;156;49m[38;2;230;214;82m▄[0m[48;2;230;214;82m[38;2;181;156;49m▄[0m[48;2;65;65;65m[38;2;230;214;82m▄[0m[48;2;65;65;65m[38;2;230;214;82m▄[0m[48;2;230;214;82m[38;2;181;156;49m▄[0m[48;2;0;0;0m[38;2;65;65;65m▄[0m[48;2;230;214;82m[38;2;230;214;82m▄[0m[48;2;230;214;82m[38;2;230;214;82m▄[0m[48;2;181;156;49m[38;2;132;115;49m▄[0m[48;2;0;0;0m[38;2;181;156;49m▄[0m[38;2;0;0;0m▄[0m  [38;2;0;0;0m▄[0m[48;2;0;0;0m[38;2;230;214;82m▄[0m[38;2;0;0;0m▄[0m
[48;2;0;0;0m[38;2;0;0;0m▄[0m[48;2;230;214;82m[38;2;181;156;49m▄[0m[48;2;230;214;82m[38;2;230;214;82m▄[0m[48;2;181;156;49m[38;2;230;214;82m▄[0m[48;2;230;214;82m[38;2;181;156;49m▄[0m[48;2;230;214;82m[38;2;0;0;0m▄[0m[48;2;0;0;0m[38;2;255;239;181m▄[0m[48;2;0;0;0m[38;2;49;66;132m▄[0m[48;2;181;156;49m[38;2;181;156;49m▄[0m[48;2;181;156;49m[38;2;181;156;49m▄[0m[48;2;230;214;82m[38;2;181;156;49m▄[0m[48;2;181;156;49m[38;2;132;115;49m▄[0m[48;2;181;156;49m[38;2;230;214;82m▄[0m[48;2;181;156;49m[38;2;132;115;49m▄[0m[48;2;65;65;65m[38;2;181;156;49m▄[0m[48;2;0;0;0m[38;2;65;65;65m▄[0m[48;2;0;0;0m[38;2;230;214;82m▄[0m[48;2;181;156;49m[38;2;230;214;82m▄[0m[48;2;230;214;82m[38;2;181;156;49m▄[0m[48;2;0;0;0m[38;2;0;0;0m▄[0m
[38;2;0;0;0m▀[0m[48;2;255;239;181m[38;2;0;0;0m▄[0m[48;2;181;156;49m[38;2;255;239;181m▄[0m[48;2;181;156;49m[38;2;255;239;181m▄[0m[48;2;255;239;181m[38;2;206;197;156m▄[0m[48;2;0;0;0m[38;2;206;197;156m▄[0m[48;2;49;66;132m[38;2;206;197;156m▄[0m[48;2;181;156;49m[38;2;65;65;65m▄[0m[48;2;181;156;49m[38;2;65;65;65m▄[0m[48;2;65;65;65m[38;2;206;197;156m▄[0m[48;2;132;115;49m[38;2;132;115;49m▄[0m[48;2;181;156;49m[38;2;230;214;82m▄[0m[48;2;230;214;82m[38;2;181;156;49m▄[0m[48;2;230;214;82m[38;2;230;214;82m▄[0m[48;2;181;156;49m[38;2;181;156;49m▄[0m[48;2;65;65;65m[38;2;132;115;49m▄[0m[48;2;181;156;49m[38;2;65;65;65m▄[0m[48;2;230;214;82m[38;2;181;156;49m▄[0m[48;2;0;0;0m[38;2;0;0;0m▄[0m 
 [38;2;0;0;0m▀[0m[48;2;123;123;123m[38;2;0;0;0m▄[0m[48;2;206;197;156m[38;2;65;65;65m▄[0m[48;2;65;65;65m[38;2;132;115;49m▄[0m[48;2;65;65;65m[38;2;65;65;65m▄[0m[48;2;65;65;65m[38;2;255;239;181m▄[0m[48;2;255;239;181m[38;2;255;239;181m▄[0m[48;2;255;239;181m[38;2;255;239;181m▄[0m[48;2;65;65;65m[38;2;65;65;65m▄[0m[48;2;255;255;255m[38;2;181;156;49m▄[0m[48;2;230;214;82m[38;2;255;255;255m▄[0m[48;2;230;214;82m[38;2;65;65;65m▄[0m[48;2;65;65;65m[38;2;181;156;49m▄[0m[48;2;132;115;49m[38;2;181;156;49m▄[0m[48;2;181;156;49m[38;2;181;156;49m▄[0m[48;2;65;65;65m[38;2;0;0;0m▄[0m[38;2;0;0;0m▀[0m  
   [38;2;0;0;0m▀[0m[48;2;132;115;49m[38;2;0;0;0m▄[0m[48;2;132;115;49m[38;2;0;0;0m▄[0m[48;2;65;65;65m[38;2;132;115;49m▄[0m[48;2;206;197;156m[38;2;65;65;65m▄[0m[48;2;206;197;156m[38;2;206;197;156m▄[0m[48;2;206;197;156m[38;2;132;115;49m▄[0m[48;2;65;65;65m[38;2;230;214;82m▄[0m[48;2;65;65;65m[38;2;181;156;49m▄[0m[48;2;230;214;82m[38;2;181;156;49m▄[0m[48;2;181;156;49m[38;2;132;115;49m▄[0m[48;2;132;115;49m[38;2;181;156;49m▄[0m[48;2;181;156;49m[38;2;0;0;0m▄[0m[38;2;0;0;0m▀[0m   
      [38;2;0;0;0m▀[0m[38;2;0;0;0m▀[0m[38;2;0;0;0m▀[0m[38;2;0;0;0m▀[0m[48;2;181;156;49m[38;2;0;0;0m▄[0m[48;2;230;214;82m[38;2;132;115;49m▄[0m[48;2;230;214;82m[38;2;181;156;49m▄[0m[48;2;181;156;49m[38;2;132;115;49m▄[0m[48;2;132;115;49m[38;2;0;0;0m▄[0m[38;2;0;0;0m▀[0m    
          [38;2;0;0;0m▀[0m[48;2;255;255;255m[38;2;0;0;0m▄[0m[48;2;181;156;49m[38;2;0;0;0m▄[0m[48;2;189;189;181m[38;2;0;0;0m▄[0m[38;2;0;0;0m▀[0m     
