Kirlia
  [38;2;0;0;0m▄[0m[48;2;0;0;0m[38;2;255;184;140m▄[0m[48;2;0;0;0m[38;2;238;135;74m▄[0m[38;2;0;0;0m▄[0m [38;2;0;0;0m▄[0m[38;2;0;0;0m▄[0m[38;2;0;0;0m▄[0m[38;2;0;0;0m▄[0m  [38;2;0;0;0m▄[0m[38;2;0;0;0m▄[0m   
  [48;2;0;0;0m[38;2;0;0;0m▄[0m[48;2;255;184;140m[38;2;238;135;74m▄[0m[48;2;238;135;74m[38;2;65;65;65m▄[0m[48;2;65;65;65m[38;2;103;202;247m▄[0m[48;2;0;0;0m[38;2;84;160;195m▄[0m[48;2;84;160;195m[38;2;103;202;247m▄[0m[48;2;103;202;247m[38;2;103;202;247m▄[0m[48;2;103;202;247m[38;2;103;202;247m▄[0m[48;2;84;160;195m[38;2;103;202;247m▄[0m[48;2;0;0;0m[38;2;65;65;65m▄[0m[48;2;0;0;0m[38;2;255;184;140m▄[0m[48;2;255;184;140m[38;2;238;135;74m▄[0m[48;2;238;135;74m[38;2;238;135;74m▄[0m[48;2;0;0;0m[38;2;0;0;0m▄[0m  
  [38;2;0;0;0m▄[0m[48;2;0;0;0m[38;2;103;202;247m▄[0m[48;2;103;202;247m[38;2;103;202;247m▄[0m[48;2;84;160;195m[38;2;84;160;195m▄[0m[48;2;103;202;247m[38;2;103;202;247m▄[0m[48;2;103;202;247m[38;2;103;202;247m▄[0m[48;2;103;202;247m[38;2;103;202;247m▄[0m[48;2;103;202;247m[38;2;103;202;247m▄[0m[48;2;65;65;65m[38;2;65;65;65m▄[0m[48;2;255;184;140m[38;2;255;184;140m▄[0m[48;2;238;135;74m[38;2;238;135;74m▄[0m[48;2;238;135;74m[38;2;84;160;195m▄[0m[48;2;238;135;74m[38;2;0;0;0m▄[0m[38;2;0;0;0m▀[0m  
  [48;2;0;0;0m[38;2;0;0;0m▄[0m[48;2;103;202;247m[38;2;103;202;247m▄[0m[48;2;84;160;195m[38;2;84;160;195m▄[0m[48;2;103;202;247m[38;2;103;202;247m▄[0m[48;2;103;202;247m[38;2;103;202;247m▄[0m[48;2;103;202;247m[38;2;103;202;247m▄[0m[48;2;103;202;247m[38;2;103;202;247m▄[0m[48;2;103;202;247m[38;2;103;202;247m▄[0m[48;2;65;65;65m[38;2;64;115;138m▄[0m[48;2;65;65;65m[38;2;103;202;247m▄[0m[48;2;84;160;195m[38;2;103;202;247m▄[0m[48;2;103;202;247m[38;2;103;202;247m▄[0m[48;2;103;202;247m[38;2;103;202;247m▄[0m[48;2;0;0;0m[38;2;0;0;0m▄[0m  
 [48;2;0;0;0m[38;2;0;0;0m▄[0m[48;2;65;65;65m[38;2;84;160;195m▄[0m[48;2;103;202;247m[38;2;65;65;65m▄[0m[48;2;84;160;195m[38;2;103;202;247m▄[0m[48;2;103;202;247m[38;2;84;160;195m▄[0m[48;2;103;202;247m[38;2;103;202;247m▄[0m[48;2;103;202;247m[38;2;103;202;247m▄[0m[48;2;103;202;247m[38;2;65;65;65m▄[0m[48;2;64;115;138m[38;2;204;109;59m▄[0m[48;2;219;174;203m[38;2;255;255;255m▄[0m[48;2;65;65;65m[38;2;65;65;65m▄[0m[48;2;103;202;247m[38;2;103;202;247m▄[0m[48;2;84;160;195m[38;2;103;202;247m▄[0m[48;2;103;202;247m[38;2;84;160;195m▄[0m[48;2;103;202;247m[38;2;103;202;247m▄[0m[48;2;0;0;0m[38;2;0;0;0m▄[0m 
[48;2;0;0;0m[38;2;0;0;0m▄[0m[48;2;84;160;195m[38;2;84;160;195m▄[0m[48;2;84;160;195m[38;2;64;115;138m▄[0m[48;2;64;115;138m[38;2;64;115;138m▄[0m[48;2;65;65;65m[38;2;84;160;195m▄[0m[48;2;103;202;247m[38;2;0;0;0m▄[0m[48;2;84;160;195m[38;2;0;0;0m▄[0m[48;2;65;65;65m[38;2;219;174;203m▄[0m[48;2;219;174;203m[38;2;219;174;203m▄[0m[48;2;238;135;74m[38;2;255;255;255m▄[0m[48;2;255;255;255m[38;2;219;174;203m▄[0m[48;2;219;174;203m[38;2;0;0;0m▄[0m[48;2;65;65;65m[38;2;0;0;0m▄[0m[48;2;103;202;247m[38;2;103;202;247m▄[0m[48;2;84;160;195m[38;2;103;202;247m▄[0m[48;2;103;202;247m[38;2;84;160;195m▄[0m[48;2;103;202;247m[38;2;103;202;247m▄[0m[48;2;0;0;0m[38;2;0;0;0m▄[0m
 [38;2;0;0;0m▀[0m[48;2;64;115;138m[38;2;0;0;0m▄[0m[48;2;84;160;195m[38;2;0;0;0m▄[0m[48;2;84;160;195m[38;2;65;65;65m▄[0m[48;2;0;0;0m[38;2;0;0;0m▄[0m[38;2;0;0;0m▄[0m[48;2;0;0;0m[38;2;142;113;123m▄[0m[48;2;142;113;123m[38;2;219;174;203m▄[0m[48;2;65;65;65m[38;2;142;113;123m▄[0m[48;2;0;0;0m[38;2;219;174;203m▄[0m[38;2;65;65;65m▄[0m[48;2;0;0;0m[38;2;0;0;0m▄[0m[48;2;103;202;247m[38;2;103;202;247m▄[0m[48;2;103;202;247m[38;2;103;202;247m▄[0m[48;2;84;160;195m[38;2;84;160;195m▄[0m[48;2;103;202;247m[38;2;0;0;0m▄[0m[38;2;0;0;0m▀[0m
    [38;2;0;0;0m▀[0m[48;2;255;255;255m[38;2;0;0;0m▄[0m[48;2;255;255;255m[38;2;65;65;65m▄[0m[48;2;65;65;65m[38;2;243;204;236m▄[0m[48;2;219;174;203m[38;2;219;174;203m▄[0m[48;2;219;174;203m[38;2;65;65;65m▄[0m[48;2;142;113;123m[38;2;255;255;255m▄[0m[48;2;219;174;203m[38;2;255;255;255m▄[0m[48;2;65;65;65m[38;2;255;255;255m▄[0m[48;2;0;0;0m[38;2;0;0;0m▄[0m[38;2;0;0;0m▀[0m[38;2;0;0;0m▀[0m  
   [38;2;0;0;0m▄[0m[48;2;0;0;0m[38;2;255;255;255m▄[0m[48;2;142;113;123m[38;2;255;255;255m▄[0m[48;2;255;255;255m[38;2;219;174;203m▄[0m[48;2;219;174;203m[38;2;64;115;138m▄[0m[48;2;243;204;236m[38;2;65;65;65m▄[0m[48;2;255;255;255m[38;2;243;204;236m▄[0m[48;2;65;65;65m[38;2;255;255;255m▄[0m[48;2;65;65;65m[38;2;255;255;255m▄[0m[48;2;65;65;65m[38;2;255;255;255m▄[0m[48;2;0;0;0m[38;2;219;174;203m▄[0m[38;2;0;0;0m▄[0m[38;2;0;0;0m▄[0m  
    [38;2;0;0;0m▀[0m[38;2;0;0;0m▀[0m[38;2;0;0;0m▀[0m[48;2;65;65;65m[38;2;0;0;0m▄[0m[48;2;84;160;195m[38;2;84;160;195m▄[0m[48;2;65;65;65m[38;2;65;65;65m▄[0m[48;2;255;255;255m[38;2;65;65;65m▄[0m[48;2;255;255;255m[38;2;255;255;255m▄[0m[48;2;219;174;203m[38;2;255;255;255m▄[0m[48;2;255;255;255m[38;2;65;65;65m▄[0m[48;2;255;255;255m[38;2;0;0;0m▄[0m[48;2;255;255;255m[38;2;0;0;0m▄[0m[38;2;0;0;0m▀[0m 
        [48;2;0;0;0m[38;2;0;0;0m▄[0m[48;2;64;115;138m[38;2;103;202;247m▄[0m[48;2;103;202;247m[38;2;0;0;0m▄[0m[38;2;0;0;0m▀[0m[38;2;0;0;0m▀[0m[38;2;0;0;0m▀[0m    
         [38;2;0;0;0m▀[0m        
