Nidorina
  [38;2;0;0;0m▄[0m[48;2;0;0;0m[38;2;196;141;204m▄[0m[38;2;0;0;0m▄[0m              
 [48;2;0;0;0m[38;2;0;0;0m▄[0m[48;2;196;141;204m[38;2;196;141;204m▄[0m[48;2;196;141;204m[38;2;196;141;204m▄[0m[48;2;0;0;0m[38;2;196;141;204m▄[0m[48;2;0;0;0m[38;2;196;141;204m▄[0m[38;2;0;0;0m▄[0m  [38;2;0;0;0m▄[0m [38;2;0;0;0m▄[0m[38;2;0;0;0m▄[0m[48;2;0;0;0m[38;2;237;197;242m▄[0m[48;2;0;0;0m[38;2;237;197;242m▄[0m[48;2;0;0;0m[38;2;0;0;0m▄[0m   
[48;2;0;0;0m[38;2;0;0;0m▄[0m[48;2;196;141;204m[38;2;196;141;204m▄[0m[48;2;196;141;204m[38;2;196;141;204m▄[0m[48;2;196;141;204m[38;2;196;141;204m▄[0m[48;2;196;141;204m[38;2;196;141;204m▄[0m[48;2;0;0;0m[38;2;196;141;204m▄[0m[38;2;0;0;0m▄[0m[38;2;0;0;0m▄[0m[48;2;0;0;0m[38;2;0;0;0m▄[0m[48;2;237;197;242m[38;2;237;197;242m▄[0m[48;2;0;0;0m[38;2;237;197;242m▄[0m[48;2;237;197;242m[38;2;237;197;242m▄[0m[48;2;237;197;242m[38;2;237;197;242m▄[0m[48;2;237;197;242m[38;2;237;197;242m▄[0m[48;2;0;0;0m[38;2;65;65;65m▄[0m[38;2;0;0;0m▄[0m   
 [48;2;0;0;0m[38;2;0;0;0m▄[0m[48;2;196;141;204m[38;2;196;141;204m▄[0m[48;2;196;141;204m[38;2;65;65;65m▄[0m[48;2;65;65;65m[38;2;237;197;242m▄[0m[48;2;65;65;65m[38;2;237;197;242m▄[0m[48;2;237;197;242m[38;2;237;197;242m▄[0m[48;2;237;197;242m[38;2;65;65;65m▄[0m[48;2;0;0;0m[38;2;237;197;242m▄[0m[48;2;237;197;242m[38;2;196;141;204m▄[0m[48;2;196;141;204m[38;2;65;65;65m▄[0m[48;2;65;65;65m[38;2;50;139;88m▄[0m[48;2;65;65;65m[38;2;50;139;88m▄[0m[48;2;196;141;204m[38;2;65;65;65m▄[0m[48;2;237;197;242m[38;2;196;141;204m▄[0m[48;2;0;0;0m[38;2;0;0;0m▄[0m   
  [48;2;0;0;0m[38;2;65;65;65m▄[0m[48;2;237;197;242m[38;2;237;197;242m▄[0m[48;2;237;197;242m[38;2;237;197;242m▄[0m[48;2;237;197;242m[38;2;237;197;242m▄[0m[48;2;237;197;242m[38;2;237;197;242m▄[0m[48;2;65;65;65m[38;2;237;197;242m▄[0m[48;2;237;197;242m[38;2;237;197;242m▄[0m[48;2;65;65;65m[38;2;50;139;88m▄[0m[48;2;74;172;122m[38;2;74;172;122m▄[0m[48;2;74;172;122m[38;2;50;139;88m▄[0m[48;2;50;139;88m[38;2;50;139;88m▄[0m[48;2;50;139;88m[38;2;196;141;204m▄[0m[48;2;196;141;204m[38;2;0;0;0m▄[0m[38;2;0;0;0m▀[0m   
[38;2;0;0;0m▄[0m[48;2;0;0;0m[38;2;237;197;242m▄[0m[48;2;237;197;242m[38;2;237;197;242m▄[0m[48;2;237;197;242m[38;2;237;197;242m▄[0m[48;2;196;141;204m[38;2;149;90;159m▄[0m[48;2;237;197;242m[38;2;237;197;242m▄[0m[48;2;237;197;242m[38;2;0;0;0m▄[0m[48;2;149;90;159m[38;2;255;255;255m▄[0m[48;2;196;141;204m[38;2;149;90;159m▄[0m[48;2;196;141;204m[38;2;196;141;204m▄[0m[48;2;50;139;88m[38;2;65;65;65m▄[0m[48;2;196;141;204m[38;2;0;0;0m▄[0m[38;2;0;0;0m▀[0m[38;2;0;0;0m▀[0m[38;2;0;0;0m▄[0m[38;2;0;0;0m▄[0m[48;2;0;0;0m[38;2;149;90;159m▄[0m[48;2;0;0;0m[38;2;196;141;204m▄[0m[48;2;0;0;0m[38;2;0;0;0m▄[0m
[38;2;0;0;0m▀[0m[48;2;237;197;242m[38;2;0;0;0m▄[0m[48;2;196;141;204m[38;2;237;197;242m▄[0m[48;2;237;197;242m[38;2;237;197;242m▄[0m[48;2;237;197;242m[38;2;196;141;204m▄[0m[48;2;0;0;0m[38;2;196;141;204m▄[0m[48;2;247;99;82m[38;2;196;141;204m▄[0m[48;2;255;255;255m[38;2;196;141;204m▄[0m[48;2;196;141;204m[38;2;196;141;204m▄[0m[48;2;196;141;204m[38;2;196;141;204m▄[0m[48;2;65;65;65m[38;2;237;197;242m▄[0m[48;2;237;197;242m[38;2;237;197;242m▄[0m[48;2;0;0;0m[38;2;237;197;242m▄[0m[48;2;0;0;0m[38;2;196;141;204m▄[0m[48;2;196;141;204m[38;2;65;65;65m▄[0m[48;2;196;141;204m[38;2;65;65;65m▄[0m[48;2;196;141;204m[38;2;196;141;204m▄[0m[48;2;149;90;159m[38;2;0;0;0m▄[0m[38;2;0;0;0m▀[0m
[48;2;0;0;0m[38;2;0;0;0m▄[0m[48;2;196;141;204m[38;2;196;141;204m▄[0m[48;2;0;0;0m[38;2;196;141;204m▄[0m[48;2;65;65;65m[38;2;0;0;0m▄[0m[48;2;65;65;65m[38;2;196;141;204m▄[0m[48;2;65;65;65m[38;2;196;141;204m▄[0m[48;2;196;141;204m[38;2;65;65;65m▄[0m[48;2;255;255;255m[38;2;65;65;65m▄[0m[48;2;65;65;65m[38;2;208;208;200m▄[0m[48;2;237;197;242m[38;2;208;208;200m▄[0m[48;2;237;197;242m[38;2;65;65;65m▄[0m[48;2;149;90;159m[38;2;237;197;242m▄[0m[48;2;196;141;204m[38;2;237;197;242m▄[0m[48;2;237;197;242m[38;2;237;197;242m▄[0m[48;2;149;90;159m[38;2;149;90;159m▄[0m[48;2;237;197;242m[38;2;149;90;159m▄[0m[48;2;0;0;0m[38;2;237;197;242m▄[0m[38;2;0;0;0m▄[0m 
 [38;2;0;0;0m▀[0m[48;2;189;189;181m[38;2;0;0;0m▄[0m[48;2;196;141;204m[38;2;0;0;0m▄[0m[48;2;0;0;0m[38;2;149;90;159m▄[0m[48;2;0;0;0m[38;2;149;90;159m▄[0m[48;2;208;208;200m[38;2;65;65;65m▄[0m[48;2;208;208;200m[38;2;208;208;200m▄[0m[48;2;208;208;200m[38;2;208;208;200m▄[0m[48;2;65;65;65m[38;2;65;65;65m▄[0m[48;2;196;141;204m[38;2;237;197;242m▄[0m[48;2;196;141;204m[38;2;237;197;242m▄[0m[48;2;237;197;242m[38;2;196;141;204m▄[0m[48;2;65;65;65m[38;2;65;65;65m▄[0m[48;2;237;197;242m[38;2;237;197;242m▄[0m[48;2;149;90;159m[38;2;237;197;242m▄[0m[48;2;237;197;242m[38;2;196;141;204m▄[0m[48;2;0;0;0m[38;2;0;0;0m▄[0m 
    [38;2;0;0;0m▀[0m[48;2;149;90;159m[38;2;0;0;0m▄[0m[48;2;149;90;159m[38;2;0;0;0m▄[0m[48;2;65;65;65m[38;2;0;0;0m▄[0m[48;2;65;65;65m[38;2;0;0;0m▄[0m[48;2;255;255;255m[38;2;196;141;204m▄[0m[48;2;237;197;242m[38;2;255;255;255m▄[0m[48;2;237;197;242m[38;2;65;65;65m▄[0m[48;2;65;65;65m[38;2;65;65;65m▄[0m[48;2;65;65;65m[38;2;196;141;204m▄[0m[48;2;196;141;204m[38;2;65;65;65m▄[0m[48;2;196;141;204m[38;2;0;0;0m▄[0m[38;2;0;0;0m▀[0m  
         [38;2;0;0;0m▀[0m[38;2;0;0;0m▀[0m[38;2;0;0;0m▀[0m[48;2;189;189;181m[38;2;0;0;0m▄[0m[48;2;196;141;204m[38;2;0;0;0m▄[0m[48;2;255;255;255m[38;2;0;0;0m▄[0m[38;2;0;0;0m▀[0m   
