Plusle
    [38;2;0;0;0m▄[0m[48;2;0;0;0m[38;2;255;115;90m▄[0m[48;2;0;0;0m[38;2;255;115;90m▄[0m[38;2;0;0;0m▄[0m        
  [38;2;0;0;0m▄[0m[48;2;0;0;0m[38;2;189;74;74m▄[0m[48;2;255;115;90m[38;2;255;115;90m▄[0m[48;2;255;115;90m[38;2;255;115;90m▄[0m[48;2;255;115;90m[38;2;189;74;74m▄[0m[48;2;0;0;0m[38;2;0;0;0m▄[0m        
  [48;2;0;0;0m[38;2;0;0;0m▄[0m[48;2;255;115;90m[38;2;255;255;123m▄[0m[48;2;255;115;90m[38;2;189;74;74m▄[0m[48;2;189;74;74m[38;2;0;0;0m▄[0m[38;2;0;0;0m▀[0m  [38;2;0;0;0m▄[0m[38;2;0;0;0m▄[0m[48;2;0;0;0m[38;2;255;115;90m▄[0m[48;2;0;0;0m[38;2;255;115;90m▄[0m[48;2;0;0;0m[38;2;255;115;90m▄[0m[48;2;0;0;0m[38;2;255;115;90m▄[0m[38;2;0;0;0m▄[0m
 [48;2;0;0;0m[38;2;0;0;0m▄[0m[48;2;189;165;66m[38;2;255;255;123m▄[0m[48;2;189;165;66m[38;2;255;255;123m▄[0m[48;2;255;255;123m[38;2;255;255;123m▄[0m[48;2;255;255;123m[38;2;255;255;123m▄[0m[48;2;0;0;0m[38;2;255;255;123m▄[0m[48;2;0;0;0m[38;2;65;65;65m▄[0m[48;2;0;0;0m[38;2;255;255;123m▄[0m[48;2;255;115;90m[38;2;255;255;123m▄[0m[48;2;255;115;90m[38;2;255;115;90m▄[0m[48;2;255;115;90m[38;2;255;115;90m▄[0m[48;2;255;115;90m[38;2;255;115;90m▄[0m[48;2;255;115;90m[38;2;189;74;74m▄[0m[48;2;189;74;74m[38;2;0;0;0m▄[0m[38;2;0;0;0m▀[0m
[48;2;0;0;0m[38;2;0;0;0m▄[0m[48;2;255;255;123m[38;2;0;0;0m▄[0m[48;2;255;255;123m[38;2;255;255;123m▄[0m[48;2;255;255;123m[38;2;255;255;123m▄[0m[48;2;255;255;123m[38;2;255;255;123m▄[0m[48;2;255;255;123m[38;2;255;255;123m▄[0m[48;2;255;255;123m[38;2;255;255;123m▄[0m[48;2;189;165;66m[38;2;255;255;123m▄[0m[48;2;255;255;123m[38;2;189;165;66m▄[0m[48;2;222;214;90m[38;2;65;65;65m▄[0m[48;2;189;74;74m[38;2;65;65;65m▄[0m[48;2;189;74;74m[38;2;0;0;0m▄[0m[38;2;0;0;0m▀[0m[38;2;0;0;0m▀[0m  
[48;2;0;0;0m[38;2;0;0;0m▄[0m[48;2;0;0;0m[38;2;255;255;123m▄[0m[48;2;255;255;123m[38;2;189;165;66m▄[0m[48;2;255;255;123m[38;2;255;255;123m▄[0m[48;2;255;255;123m[38;2;255;255;123m▄[0m[48;2;0;0;0m[38;2;0;0;0m▄[0m[48;2;255;255;123m[38;2;255;115;90m▄[0m[48;2;222;214;90m[38;2;255;173;140m▄[0m[48;2;222;214;90m[38;2;222;214;90m▄[0m[48;2;189;165;66m[38;2;189;165;66m▄[0m[48;2;0;0;0m[38;2;0;0;0m▄[0m     
[38;2;0;0;0m▄[0m[48;2;0;0;0m[38;2;189;74;74m▄[0m[48;2;255;255;123m[38;2;65;65;65m▄[0m[48;2;255;255;123m[38;2;189;165;66m▄[0m[48;2;255;255;123m[38;2;222;214;90m▄[0m[48;2;255;115;90m[38;2;222;214;90m▄[0m[48;2;255;255;123m[38;2;189;74;74m▄[0m[48;2;255;173;140m[38;2;0;0;0m▄[0m[48;2;255;115;90m[38;2;0;0;0m▄[0m[38;2;0;0;0m▀[0m[38;2;0;0;0m▄[0m[38;2;0;0;0m▄[0m    
 [38;2;0;0;0m▀[0m[48;2;189;165;66m[38;2;0;0;0m▄[0m[48;2;255;255;123m[38;2;189;165;66m▄[0m[48;2;255;255;123m[38;2;255;255;123m▄[0m[48;2;222;214;90m[38;2;255;255;123m▄[0m[48;2;189;165;66m[38;2;222;214;90m▄[0m[48;2;255;255;123m[38;2;65;65;65m▄[0m[48;2;255;115;90m[38;2;65;65;65m▄[0m[48;2;0;0;0m[38;2;189;165;66m▄[0m[48;2;255;115;90m[38;2;189;74;74m▄[0m[48;2;0;0;0m[38;2;255;115;90m▄[0m[38;2;0;0;0m▄[0m   
  [38;2;0;0;0m▀[0m[48;2;222;214;90m[38;2;0;0;0m▄[0m[48;2;189;165;66m[38;2;0;0;0m▄[0m[48;2;222;214;90m[38;2;0;0;0m▄[0m[48;2;189;165;66m[38;2;255;255;123m▄[0m[48;2;189;165;66m[38;2;255;255;123m▄[0m[48;2;189;165;66m[38;2;0;0;0m▄[0m[48;2;65;65;65m[38;2;0;0;0m▄[0m[48;2;189;74;74m[38;2;0;0;0m▄[0m[38;2;0;0;0m▀[0m[38;2;0;0;0m▀[0m   
      [38;2;0;0;0m▀[0m[38;2;0;0;0m▀[0m        
