Gulpin
          [38;2;0;0;0m▄[0m[38;2;0;0;0m▄[0m[48;2;0;0;0m[38;2;255;153;77m▄[0m[48;2;0;0;0m[38;2;255;153;77m▄[0m[48;2;0;0;0m[38;2;0;0;0m▄[0m  
        [38;2;0;0;0m▄[0m[48;2;0;0;0m[38;2;255;153;77m▄[0m[48;2;255;153;77m[38;2;255;153;77m▄[0m[48;2;255;153;77m[38;2;255;153;77m▄[0m[48;2;255;153;77m[38;2;0;0;0m▄[0m[38;2;0;0;0m▀[0m   
    [38;2;0;0;0m▄[0m[38;2;0;0;0m▄[0m[48;2;0;0;0m[38;2;127;175;255m▄[0m[48;2;0;0;0m[38;2;65;65;65m▄[0m[48;2;255;153;77m[38;2;65;65;65m▄[0m[48;2;207;120;72m[38;2;65;65;65m▄[0m[48;2;65;65;65m[38;2;127;175;255m▄[0m[48;2;0;0;0m[38;2;0;0;0m▄[0m[38;2;0;0;0m▄[0m    
  [38;2;0;0;0m▄[0m[48;2;0;0;0m[38;2;127;175;255m▄[0m[48;2;127;175;255m[38;2;127;175;255m▄[0m[48;2;127;175;255m[38;2;127;175;255m▄[0m[48;2;127;175;255m[38;2;127;175;255m▄[0m[48;2;127;175;255m[38;2;127;175;255m▄[0m[48;2;127;175;255m[38;2;127;175;255m▄[0m[48;2;127;175;255m[38;2;127;175;255m▄[0m[48;2;127;175;255m[38;2;127;175;255m▄[0m[48;2;127;175;255m[38;2;127;175;255m▄[0m[48;2;127;175;255m[38;2;127;175;255m▄[0m[48;2;0;0;0m[38;2;127;175;255m▄[0m[38;2;0;0;0m▄[0m  
 [48;2;0;0;0m[38;2;0;0;0m▄[0m[48;2;97;135;227m[38;2;65;65;65m▄[0m[48;2;65;65;65m[38;2;127;175;255m▄[0m[48;2;65;65;65m[38;2;127;175;255m▄[0m[48;2;127;175;255m[38;2;97;135;227m▄[0m[48;2;127;175;255m[38;2;127;175;255m▄[0m[48;2;127;175;255m[38;2;0;0;0m▄[0m[48;2;127;175;255m[38;2;127;175;255m▄[0m[48;2;127;175;255m[38;2;127;175;255m▄[0m[48;2;127;175;255m[38;2;127;175;255m▄[0m[48;2;127;175;255m[38;2;127;175;255m▄[0m[48;2;127;175;255m[38;2;127;175;255m▄[0m[48;2;127;175;255m[38;2;127;175;255m▄[0m[48;2;0;0;0m[38;2;127;175;255m▄[0m[38;2;0;0;0m▄[0m 
[48;2;0;0;0m[38;2;0;0;0m▄[0m[48;2;97;135;227m[38;2;97;135;227m▄[0m[48;2;65;65;65m[38;2;97;135;227m▄[0m[48;2;97;135;227m[38;2;65;65;65m▄[0m[48;2;127;175;255m[38;2;97;135;227m▄[0m[48;2;127;175;255m[38;2;127;175;255m▄[0m[48;2;127;175;255m[38;2;127;175;255m▄[0m[48;2;127;175;255m[38;2;127;175;255m▄[0m[48;2;0;0;0m[38;2;127;175;255m▄[0m[48;2;127;175;255m[38;2;127;175;255m▄[0m[48;2;127;175;255m[38;2;127;175;255m▄[0m[48;2;127;175;255m[38;2;127;175;255m▄[0m[48;2;127;175;255m[38;2;127;175;255m▄[0m[48;2;127;175;255m[38;2;127;175;255m▄[0m[48;2;127;175;255m[38;2;97;135;227m▄[0m[48;2;97;135;227m[38;2;97;135;227m▄[0m[48;2;0;0;0m[38;2;0;0;0m▄[0m
[38;2;0;0;0m▀[0m[48;2;97;135;227m[38;2;0;0;0m▄[0m[48;2;65;65;65m[38;2;97;135;227m▄[0m[48;2;127;175;255m[38;2;65;65;65m▄[0m[48;2;127;175;255m[38;2;65;65;65m▄[0m[48;2;127;175;255m[38;2;127;175;255m▄[0m[48;2;127;175;255m[38;2;127;175;255m▄[0m[48;2;127;175;255m[38;2;127;175;255m▄[0m[48;2;127;175;255m[38;2;65;65;65m▄[0m[48;2;127;175;255m[38;2;127;175;255m▄[0m[48;2;127;175;255m[38;2;65;65;65m▄[0m[48;2;127;175;255m[38;2;127;175;255m▄[0m[48;2;65;65;65m[38;2;127;175;255m▄[0m[48;2;97;135;227m[38;2;65;65;65m▄[0m[48;2;97;135;227m[38;2;0;0;0m▄[0m[38;2;0;0;0m▀[0m 
  [38;2;0;0;0m▀[0m[48;2;97;135;227m[38;2;0;0;0m▄[0m[48;2;97;135;227m[38;2;0;0;0m▄[0m[48;2;97;135;227m[38;2;97;135;227m▄[0m[48;2;97;135;227m[38;2;97;135;227m▄[0m[48;2;97;135;227m[38;2;97;135;227m▄[0m[48;2;65;65;65m[38;2;97;135;227m▄[0m[48;2;127;175;255m[38;2;65;65;65m▄[0m[48;2;127;175;255m[38;2;97;135;227m▄[0m[48;2;65;65;65m[38;2;0;0;0m▄[0m[48;2;97;135;227m[38;2;0;0;0m▄[0m[38;2;0;0;0m▀[0m   
     [38;2;0;0;0m▀[0m[38;2;0;0;0m▀[0m[38;2;0;0;0m▀[0m[38;2;0;0;0m▀[0m[38;2;0;0;0m▀[0m[38;2;0;0;0m▀[0m      
