Grumpig
     [38;2;0;0;0m▄[0m[48;2;0;0;0m[38;2;65;65;65m▄[0m[48;2;0;0;0m[38;2;65;65;65m▄[0m[38;2;0;0;0m▄[0m              
      [48;2;0;0;0m[38;2;0;0;0m▄[0m[48;2;65;65;65m[38;2;65;65;65m▄[0m[48;2;65;65;65m[38;2;173;140;181m▄[0m[48;2;0;0;0m[38;2;206;173;214m▄[0m[48;2;0;0;0m[38;2;173;140;181m▄[0m[38;2;0;0;0m▄[0m[38;2;0;0;0m▄[0m[48;2;0;0;0m[38;2;123;123;123m▄[0m[48;2;0;0;0m[38;2;123;123;123m▄[0m[48;2;0;0;0m[38;2;123;123;123m▄[0m[48;2;0;0;0m[38;2;123;123;123m▄[0m[38;2;0;0;0m▄[0m     
     [38;2;0;0;0m▄[0m[48;2;0;0;0m[38;2;206;173;214m▄[0m[48;2;206;173;214m[38;2;206;173;214m▄[0m[48;2;65;65;65m[38;2;206;173;214m▄[0m[48;2;206;173;214m[38;2;206;173;214m▄[0m[48;2;206;173;214m[38;2;206;173;214m▄[0m[48;2;99;99;99m[38;2;206;173;214m▄[0m[48;2;123;123;123m[38;2;99;99;99m▄[0m[48;2;123;123;123m[38;2;123;123;123m▄[0m[48;2;239;173;189m[38;2;206;115;140m▄[0m[48;2;239;173;189m[38;2;0;0;0m▄[0m[38;2;0;0;0m▀[0m      
    [38;2;0;0;0m▄[0m[48;2;0;0;0m[38;2;239;173;189m▄[0m[48;2;173;140;181m[38;2;239;173;189m▄[0m[48;2;173;140;181m[38;2;239;173;189m▄[0m[48;2;206;173;214m[38;2;173;140;181m▄[0m[48;2;206;173;214m[38;2;206;173;214m▄[0m[48;2;206;173;214m[38;2;0;0;0m▄[0m[48;2;255;255;255m[38;2;255;255;255m▄[0m[48;2;99;99;99m[38;2;173;140;181m▄[0m[48;2;206;115;140m[38;2;99;99;99m▄[0m[48;2;0;0;0m[38;2;0;0;0m▄[0m        
 [38;2;0;0;0m▄[0m[48;2;0;0;0m[38;2;65;65;65m▄[0m[48;2;0;0;0m[38;2;65;65;65m▄[0m[48;2;0;0;0m[38;2;0;0;0m▄[0m[48;2;239;173;189m[38;2;65;65;65m▄[0m[48;2;239;173;189m[38;2;239;173;189m▄[0m[48;2;65;65;65m[38;2;239;173;189m▄[0m[48;2;239;173;189m[38;2;239;173;189m▄[0m[48;2;206;173;214m[38;2;173;140;181m▄[0m[48;2;65;65;65m[38;2;173;140;181m▄[0m[48;2;173;140;181m[38;2;173;140;181m▄[0m[48;2;173;140;181m[38;2;173;140;181m▄[0m[48;2;173;140;181m[38;2;65;65;65m▄[0m[48;2;65;65;65m[38;2;123;123;123m▄[0m[48;2;0;0;0m[38;2;123;123;123m▄[0m[48;2;0;0;0m[38;2;0;0;0m▄[0m[48;2;0;0;0m[38;2;239;173;189m▄[0m[48;2;0;0;0m[38;2;239;173;189m▄[0m[48;2;0;0;0m[38;2;206;115;140m▄[0m[38;2;0;0;0m▄[0m  
[48;2;0;0;0m[38;2;0;0;0m▄[0m[48;2;65;65;65m[38;2;173;140;181m▄[0m[48;2;65;65;65m[38;2;173;140;181m▄[0m[48;2;65;65;65m[38;2;65;65;65m▄[0m[48;2;65;65;65m[38;2;0;0;0m▄[0m[38;2;0;0;0m▀[0m[38;2;65;65;65m▀[0m[48;2;173;140;181m[38;2;65;65;65m▄[0m[48;2;173;140;181m[38;2;206;173;214m▄[0m[48;2;255;255;255m[38;2;206;173;214m▄[0m[48;2;255;255;255m[38;2;206;173;214m▄[0m[48;2;206;173;214m[38;2;206;173;214m▄[0m[48;2;65;65;65m[38;2;65;65;65m▄[0m[48;2;123;123;123m[38;2;65;65;65m▄[0m[48;2;99;99;99m[38;2;123;123;123m▄[0m[48;2;123;123;123m[38;2;123;123;123m▄[0m[48;2;123;123;123m[38;2;123;123;123m▄[0m[48;2;65;65;65m[38;2;65;65;65m▄[0m[48;2;65;65;65m[38;2;206;115;140m▄[0m[48;2;239;173;189m[38;2;65;65;65m▄[0m[48;2;239;173;189m[38;2;239;173;189m▄[0m[48;2;0;0;0m[38;2;206;115;140m▄[0m[38;2;0;0;0m▄[0m
 [38;2;0;0;0m▀[0m[38;2;0;0;0m▀[0m[38;2;0;0;0m▀[0m  [48;2;0;0;0m[38;2;0;0;0m▄[0m[48;2;65;65;65m[38;2;65;65;65m▄[0m[48;2;206;173;214m[38;2;123;123;123m▄[0m[48;2;65;65;65m[38;2;123;123;123m▄[0m[48;2;206;173;214m[38;2;123;123;123m▄[0m[48;2;65;65;65m[38;2;65;65;65m▄[0m[48;2;123;123;123m[38;2;206;173;214m▄[0m[48;2;123;123;123m[38;2;206;173;214m▄[0m[48;2;123;123;123m[38;2;123;123;123m▄[0m[48;2;123;123;123m[38;2;65;65;65m▄[0m[48;2;65;65;65m[38;2;65;65;65m▄[0m[48;2;206;115;140m[38;2;206;115;140m▄[0m[48;2;239;173;189m[38;2;65;65;65m▄[0m[48;2;206;115;140m[38;2;239;173;189m▄[0m[48;2;65;65;65m[38;2;0;0;0m▄[0m[48;2;239;173;189m[38;2;239;173;189m▄[0m[48;2;0;0;0m[38;2;0;0;0m▄[0m
      [38;2;0;0;0m▀[0m[48;2;99;99;99m[38;2;0;0;0m▄[0m[48;2;65;65;65m[38;2;99;99;99m▄[0m[48;2;123;123;123m[38;2;99;99;99m▄[0m[48;2;123;123;123m[38;2;65;65;65m▄[0m[48;2;123;123;123m[38;2;0;0;0m▄[0m[48;2;65;65;65m[38;2;123;123;123m▄[0m[48;2;65;65;65m[38;2;123;123;123m▄[0m[48;2;65;65;65m[38;2;123;123;123m▄[0m[48;2;123;123;123m[38;2;123;123;123m▄[0m[48;2;123;123;123m[38;2;123;123;123m▄[0m[48;2;65;65;65m[38;2;0;0;0m▄[0m[48;2;206;115;140m[38;2;0;0;0m▄[0m[38;2;0;0;0m▀[0m [38;2;0;0;0m▀[0m 
        [38;2;0;0;0m▀[0m[38;2;0;0;0m▀[0m[38;2;0;0;0m▀[0m [48;2;0;0;0m[38;2;0;0;0m▄[0m[48;2;123;123;123m[38;2;206;173;214m▄[0m[48;2;123;123;123m[38;2;65;65;65m▄[0m[48;2;123;123;123m[38;2;206;173;214m▄[0m[48;2;65;65;65m[38;2;0;0;0m▄[0m[38;2;0;0;0m▀[0m     
             [38;2;0;0;0m▀[0m[38;2;0;0;0m▀[0m[38;2;0;0;0m▀[0m       
