Dusclops
         [38;2;0;0;0m▄[0m[48;2;0;0;0m[38;2;107;107;99m▄[0m[48;2;0;0;0m[38;2;222;222;197m▄[0m[48;2;0;0;0m[38;2;222;222;197m▄[0m[38;2;0;0;0m▄[0m[38;2;0;0;0m▄[0m[48;2;0;0;0m[38;2;107;107;99m▄[0m[48;2;0;0;0m[38;2;197;197;165m▄[0m[48;2;0;0;0m[38;2;0;0;0m▄[0m        
         [38;2;0;0;0m▀[0m[48;2;222;222;197m[38;2;0;0;0m▄[0m[48;2;222;222;197m[38;2;222;222;197m▄[0m[48;2;222;222;197m[38;2;222;222;197m▄[0m[48;2;222;222;197m[38;2;140;140;123m▄[0m[48;2;222;222;197m[38;2;140;140;123m▄[0m[48;2;197;197;165m[38;2;0;0;0m▄[0m[38;2;0;0;0m▀[0m         
         [48;2;0;0;0m[38;2;0;0;0m▄[0m[48;2;197;197;165m[38;2;107;107;99m▄[0m[48;2;197;197;165m[38;2;107;107;99m▄[0m[48;2;197;197;165m[38;2;107;107;99m▄[0m[48;2;197;197;165m[38;2;107;107;99m▄[0m[48;2;0;0;0m[38;2;0;0;0m▄[0m           
       [38;2;0;0;0m▄[0m[48;2;0;0;0m[38;2;189;189;181m▄[0m[48;2;107;107;99m[38;2;140;140;123m▄[0m[48;2;189;189;181m[38;2;107;107;99m▄[0m[48;2;189;189;181m[38;2;107;107;99m▄[0m[48;2;189;189;181m[38;2;107;107;99m▄[0m[48;2;189;189;181m[38;2;107;107;99m▄[0m[48;2;107;107;99m[38;2;140;140;123m▄[0m[48;2;0;0;0m[38;2;140;140;123m▄[0m[38;2;0;0;0m▄[0m         
      [38;2;0;0;0m▄[0m[48;2;0;0;0m[38;2;140;140;123m▄[0m[48;2;65;65;65m[38;2;255;255;255m▄[0m[48;2;255;255;255m[38;2;247;99;66m▄[0m[48;2;255;255;255m[38;2;247;99;66m▄[0m[48;2;140;140;123m[38;2;255;255;255m▄[0m[48;2;189;189;181m[38;2;107;107;99m▄[0m[48;2;189;189;181m[38;2;107;107;99m▄[0m[48;2;140;140;123m[38;2;107;107;99m▄[0m[48;2;65;65;65m[38;2;140;140;123m▄[0m[48;2;0;0;0m[38;2;140;140;123m▄[0m[38;2;0;0;0m▄[0m        
    [38;2;0;0;0m▄[0m[38;2;0;0;0m▄[0m[48;2;0;0;0m[38;2;140;140;123m▄[0m[48;2;189;189;181m[38;2;107;107;99m▄[0m[48;2;222;222;197m[38;2;140;140;123m▄[0m[48;2;206;90;66m[38;2;222;222;197m▄[0m[48;2;206;90;66m[38;2;222;222;197m▄[0m[48;2;222;222;197m[38;2;140;140;123m▄[0m[48;2;140;140;123m[38;2;189;189;181m▄[0m[48;2;189;189;181m[38;2;189;189;181m▄[0m[48;2;189;189;181m[38;2;140;140;123m▄[0m[48;2;140;140;123m[38;2;107;107;99m▄[0m[48;2;65;65;65m[38;2;65;65;65m▄[0m[48;2;197;197;165m[38;2;197;197;165m▄[0m[48;2;0;0;0m[38;2;197;197;165m▄[0m[38;2;0;0;0m▄[0m      
  [38;2;0;0;0m▄[0m[48;2;0;0;0m[38;2;0;0;0m▄[0m[48;2;0;0;0m[38;2;189;189;181m▄[0m[48;2;189;189;181m[38;2;140;140;123m▄[0m[48;2;140;140;123m[38;2;65;65;65m▄[0m[48;2;65;65;65m[38;2;65;65;65m▄[0m[48;2;107;107;99m[38;2;189;189;181m▄[0m[48;2;107;107;99m[38;2;189;189;181m▄[0m[48;2;107;107;99m[38;2;140;140;123m▄[0m[48;2;107;107;99m[38;2;189;189;181m▄[0m[48;2;107;107;99m[38;2;189;189;181m▄[0m[48;2;107;107;99m[38;2;189;189;181m▄[0m[48;2;107;107;99m[38;2;140;140;123m▄[0m[48;2;140;140;123m[38;2;140;140;123m▄[0m[48;2;65;65;65m[38;2;107;107;99m▄[0m[48;2;197;197;165m[38;2;65;65;65m▄[0m[48;2;197;197;165m[38;2;222;222;197m▄[0m[48;2;222;222;197m[38;2;222;222;197m▄[0m[48;2;0;0;0m[38;2;222;222;197m▄[0m[38;2;0;0;0m▄[0m    
[48;2;0;0;0m[38;2;0;0;0m▄[0m[48;2;0;0;0m[38;2;222;222;197m▄[0m[48;2;222;222;197m[38;2;65;65;65m▄[0m[48;2;140;140;123m[38;2;140;140;123m▄[0m[48;2;65;65;65m[38;2;222;222;197m▄[0m[48;2;65;65;65m[38;2;65;65;65m▄[0m[48;2;65;65;65m[38;2;65;65;65m▄[0m[48;2;189;189;181m[38;2;65;65;65m▄[0m[48;2;189;189;181m[38;2;140;140;123m▄[0m[48;2;140;140;123m[38;2;65;65;65m▄[0m[48;2;65;65;65m[38;2;65;65;65m▄[0m[48;2;189;189;181m[38;2;140;140;123m▄[0m[48;2;189;189;181m[38;2;140;140;123m▄[0m[48;2;189;189;181m[38;2;140;140;123m▄[0m[48;2;65;65;65m[38;2;65;65;65m▄[0m[48;2;107;107;99m[38;2;65;65;65m▄[0m[48;2;65;65;65m[38;2;222;222;197m▄[0m[48;2;65;65;65m[38;2;65;65;65m▄[0m[48;2;222;222;197m[38;2;65;65;65m▄[0m[48;2;222;222;197m[38;2;222;222;197m▄[0m[48;2;222;222;197m[38;2;222;222;197m▄[0m[48;2;0;0;0m[38;2;222;222;197m▄[0m[38;2;0;0;0m▄[0m[38;2;0;0;0m▄[0m  
 [38;2;0;0;0m▀[0m[48;2;65;65;65m[38;2;0;0;0m▄[0m[48;2;222;222;197m[38;2;0;0;0m▄[0m[38;2;0;0;0m▀[0m[48;2;0;0;0m[38;2;0;0;0m▄[0m[48;2;140;140;123m[38;2;107;107;99m▄[0m[48;2;65;65;65m[38;2;107;107;99m▄[0m[48;2;65;65;65m[38;2;140;140;123m▄[0m[48;2;65;65;65m[38;2;140;140;123m▄[0m[48;2;140;140;123m[38;2;140;140;123m▄[0m[48;2;65;65;65m[38;2;140;140;123m▄[0m[48;2;65;65;65m[38;2;140;140;123m▄[0m[48;2;65;65;65m[38;2;107;107;99m▄[0m[48;2;65;65;65m[38;2;65;65;65m▄[0m[48;2;222;222;197m[38;2;65;65;65m▄[0m[48;2;140;140;123m[38;2;107;107;99m▄[0m[48;2;222;222;197m[38;2;222;222;197m▄[0m[48;2;140;140;123m[38;2;107;107;99m▄[0m[48;2;65;65;65m[38;2;197;197;165m▄[0m[48;2;222;222;197m[38;2;65;65;65m▄[0m[48;2;197;197;165m[38;2;197;197;165m▄[0m[48;2;65;65;65m[38;2;197;197;165m▄[0m[48;2;197;197;165m[38;2;197;197;165m▄[0m[48;2;0;0;0m[38;2;0;0;0m▄[0m 
    [48;2;0;0;0m[38;2;0;0;0m▄[0m[48;2;107;107;99m[38;2;107;107;99m▄[0m[48;2;65;65;65m[38;2;107;107;99m▄[0m[48;2;140;140;123m[38;2;65;65;65m▄[0m[48;2;107;107;99m[38;2;65;65;65m▄[0m[48;2;107;107;99m[38;2;140;140;123m▄[0m[48;2;107;107;99m[38;2;140;140;123m▄[0m[48;2;107;107;99m[38;2;65;65;65m▄[0m[48;2;65;65;65m[38;2;107;107;99m▄[0m[48;2;140;140;123m[38;2;107;107;99m▄[0m[48;2;140;140;123m[38;2;107;107;99m▄[0m[48;2;65;65;65m[38;2;65;65;65m▄[0m[48;2;107;107;99m[38;2;197;197;165m▄[0m[48;2;107;107;99m[38;2;65;65;65m▄[0m[48;2;107;107;99m[38;2;65;65;65m▄[0m[48;2;197;197;165m[38;2;0;0;0m▄[0m[38;2;0;0;0m▀[0m[38;2;0;0;0m▀[0m[48;2;197;197;165m[38;2;0;0;0m▄[0m[38;2;0;0;0m▀[0m[48;2;197;197;165m[38;2;0;0;0m▄[0m[48;2;0;0;0m[38;2;0;0;0m▄[0m
     [38;2;0;0;0m▀[0m[48;2;107;107;99m[38;2;0;0;0m▄[0m[48;2;107;107;99m[38;2;0;0;0m▄[0m[48;2;107;107;99m[38;2;0;0;0m▄[0m[38;2;0;0;0m▀[0m[38;2;0;0;0m▀[0m[48;2;0;0;0m[38;2;0;0;0m▄[0m[48;2;140;140;123m[38;2;107;107;99m▄[0m[48;2;140;140;123m[38;2;107;107;99m▄[0m[48;2;140;140;123m[38;2;107;107;99m▄[0m[48;2;65;65;65m[38;2;107;107;99m▄[0m[48;2;65;65;65m[38;2;107;107;99m▄[0m[48;2;140;140;123m[38;2;107;107;99m▄[0m[48;2;0;0;0m[38;2;107;107;99m▄[0m[38;2;0;0;0m▄[0m      
            [38;2;0;0;0m▀[0m[48;2;140;140;123m[38;2;0;0;0m▄[0m[48;2;140;140;123m[38;2;0;0;0m▄[0m[48;2;140;140;123m[38;2;0;0;0m▄[0m[48;2;140;140;123m[38;2;0;0;0m▄[0m[48;2;140;140;123m[38;2;0;0;0m▄[0m[38;2;0;0;0m▀[0m       
