Absol
     [38;2;0;0;0m▄[0m[38;2;0;0;0m▄[0m[48;2;0;0;0m[38;2;200;105;88m▄[0m[48;2;0;0;0m[38;2;200;105;88m▄[0m[48;2;0;0;0m[38;2;200;105;88m▄[0m[38;2;0;0;0m▄[0m                       
   [38;2;0;0;0m▄[0m[48;2;0;0;0m[38;2;200;105;88m▄[0m[48;2;200;105;88m[38;2;200;105;88m▄[0m[48;2;200;105;88m[38;2;200;105;88m▄[0m[48;2;200;105;88m[38;2;0;0;0m▄[0m[38;2;0;0;0m▀[0m[38;2;0;0;0m▀[0m                        
  [48;2;0;0;0m[38;2;0;0;0m▄[0m[48;2;200;105;88m[38;2;200;105;88m▄[0m[48;2;200;105;88m[38;2;200;105;88m▄[0m[48;2;200;105;88m[38;2;0;0;0m▄[0m[38;2;0;0;0m▀[0m                           
 [48;2;0;0;0m[38;2;0;0;8m▄[0m[48;2;200;105;88m[38;2;200;105;88m▄[0m[48;2;200;105;88m[38;2;203;108;91m▄[0m[48;2;200;105;88m[38;2;8;8;8m▄[0m[38;2;0;0;0m▀[0m[38;2;0;0;0m▄[0m[38;2;0;0;0m▄[0m[48;2;0;0;0m[38;2;255;255;255m▄[0m[48;2;0;0;0m[38;2;255;255;255m▄[0m[48;2;0;0;0m[38;2;255;255;255m▄[0m[48;2;0;0;0m[38;2;255;255;255m▄[0m[48;2;0;0;0m[38;2;255;255;255m▄[0m[38;2;0;0;0m▄[0m[38;2;0;0;0m▄[0m                 [38;2;0;0;0m▄[0m[38;2;0;0;0m▄[0m
[48;2;0;0;0m[38;2;0;0;0m▄[0m[48;2;156;61;44m[38;2;161;66;49m▄[0m[48;2;200;105;88m[38;2;161;66;49m▄[0m[48;2;161;66;49m[38;2;161;66;49m▄[0m[48;2;43;51;65m[38;2;65;64;65m▄[0m[48;2;0;0;0m[38;2;246;250;255m▄[0m[48;2;255;255;255m[38;2;157;62;45m▄[0m[48;2;255;255;255m[38;2;255;255;255m▄[0m[48;2;255;255;255m[38;2;255;255;255m▄[0m[48;2;255;255;255m[38;2;255;255;255m▄[0m[48;2;255;255;255m[38;2;255;255;255m▄[0m[48;2;255;255;255m[38;2;255;255;255m▄[0m[48;2;255;255;255m[38;2;255;255;255m▄[0m[48;2;255;255;255m[38;2;255;255;255m▄[0m[48;2;255;255;255m[38;2;255;255;255m▄[0m[48;2;0;0;0m[38;2;255;255;255m▄[0m[38;2;8;8;8m▄[0m            [38;2;0;0;0m▄[0m[48;2;0;0;0m[38;2;200;105;88m▄[0m[48;2;0;0;0m[38;2;200;105;88m▄[0m[48;2;200;105;88m[38;2;0;0;0m▄[0m[38;2;0;0;0m▀[0m
[48;2;0;0;0m[38;2;0;0;0m▄[0m[48;2;161;66;49m[38;2;161;66;49m▄[0m[48;2;161;66;49m[38;2;161;66;49m▄[0m[48;2;161;66;49m[38;2;65;64;65m▄[0m[48;2;65;64;65m[38;2;255;255;255m▄[0m[48;2;157;62;45m[38;2;160;65;48m▄[0m[48;2;211;116;99m[38;2;200;105;88m▄[0m[48;2;159;64;47m[38;2;159;64;47m▄[0m[48;2;255;255;255m[38;2;255;255;255m▄[0m[48;2;255;255;255m[38;2;255;255;255m▄[0m[48;2;255;255;255m[38;2;255;255;255m▄[0m[48;2;255;255;255m[38;2;255;255;255m▄[0m[48;2;255;255;255m[38;2;255;255;255m▄[0m[48;2;255;255;255m[38;2;255;255;255m▄[0m[48;2;255;255;255m[38;2;255;255;255m▄[0m[48;2;255;255;255m[38;2;207;184;217m▄[0m[48;2;184;161;195m[38;2;207;184;217m▄[0m[48;2;0;0;0m[38;2;0;0;0m▄[0m          [48;2;0;0;0m[38;2;0;0;0m▄[0m[48;2;200;105;88m[38;2;200;105;88m▄[0m[48;2;200;105;88m[38;2;200;105;88m▄[0m[48;2;200;105;88m[38;2;0;0;0m▄[0m[38;2;0;0;0m▀[0m 
[38;2;0;0;0m▀[0m[48;2;161;66;49m[38;2;0;0;0m▄[0m[48;2;161;66;49m[38;2;161;66;49m▄[0m[48;2;65;64;65m[38;2;161;66;49m▄[0m[48;2;255;255;255m[38;2;54;62;82m▄[0m[48;2;160;65;48m[38;2;206;183;216m▄[0m[48;2;200;105;88m[38;2;170;75;58m▄[0m[48;2;159;64;47m[38;2;255;255;255m▄[0m[48;2;255;255;255m[38;2;255;255;255m▄[0m[48;2;255;255;255m[38;2;255;255;255m▄[0m[48;2;255;255;255m[38;2;255;255;255m▄[0m[48;2;255;255;255m[38;2;65;64;65m▄[0m[48;2;255;255;255m[38;2;65;64;65m▄[0m[48;2;208;185;218m[38;2;206;183;216m▄[0m[48;2;208;185;218m[38;2;206;183;216m▄[0m[48;2;207;184;217m[38;2;207;184;217m▄[0m[48;2;207;184;217m[38;2;207;184;217m▄[0m[48;2;206;183;216m[38;2;206;183;216m▄[0m[48;2;0;0;0m[38;2;0;0;0m▄[0m        [48;2;0;0;0m[38;2;0;0;0m▄[0m[48;2;159;64;47m[38;2;161;66;49m▄[0m[48;2;160;65;48m[38;2;161;66;49m▄[0m[48;2;200;105;88m[38;2;161;66;49m▄[0m[48;2;0;0;0m[38;2;0;0;0m▄[0m  
 [38;2;0;0;0m▀[0m[48;2;161;66;49m[38;2;0;0;0m▄[0m[48;2;161;66;49m[38;2;0;0;0m▄[0m[38;2;0;0;0m▀[0m[48;2;49;56;74m[38;2;0;0;0m▄[0m[48;2;206;183;216m[38;2;161;66;49m▄[0m[48;2;203;180;214m[38;2;160;65;48m▄[0m[48;2;65;64;65m[38;2;200;105;88m▄[0m[48;2;74;80;98m[38;2;65;93;115m▄[0m[48;2;74;80;98m[38;2;50;175;156m▄[0m[48;2;101;129;125m[38;2;30;170;149m▄[0m[48;2;255;238;246m[38;2;66;79;77m▄[0m[48;2;65;64;65m[38;2;65;64;65m▄[0m[48;2;206;183;216m[38;2;206;183;216m▄[0m[48;2;207;184;217m[38;2;207;184;217m▄[0m[48;2;207;184;217m[38;2;207;184;217m▄[0m[48;2;206;183;216m[38;2;203;180;214m▄[0m[48;2;65;64;63m[38;2;65;64;65m▄[0m[48;2;0;0;0m[38;2;255;255;255m▄[0m[48;2;0;0;0m[38;2;0;0;0m▄[0m      [48;2;0;0;0m[38;2;0;0;0m▄[0m[48;2;161;66;49m[38;2;161;66;49m▄[0m[48;2;161;66;49m[38;2;159;64;47m▄[0m[48;2;161;66;49m[38;2;0;0;0m▄[0m[48;2;0;0;0m[38;2;0;0;0m▄[0m  
     [38;2;0;0;0m▀[0m[48;2;54;62;82m[38;2;0;0;0m▄[0m[48;2;200;105;88m[38;2;200;105;88m▄[0m[48;2;200;105;88m[38;2;200;105;88m▄[0m[48;2;171;76;59m[38;2;161;66;49m▄[0m[48;2;53;103;95m[38;2;161;66;49m▄[0m[48;2;66;79;77m[38;2;161;66;49m▄[0m[48;2;66;79;77m[38;2;161;66;49m▄[0m[48;2;65;64;65m[38;2;65;64;65m▄[0m[48;2;206;183;216m[38;2;206;183;216m▄[0m[48;2;207;184;217m[38;2;206;183;216m▄[0m[48;2;207;184;217m[38;2;206;183;216m▄[0m[48;2;65;64;65m[38;2;65;64;65m▄[0m[48;2;255;255;255m[38;2;206;183;216m▄[0m[48;2;0;0;0m[38;2;206;183;216m▄[0m[38;2;0;0;0m▄[0m   [38;2;0;0;0m▄[0m[38;2;0;0;0m▄[0m[48;2;0;0;0m[38;2;82;82;82m▄[0m[48;2;161;66;49m[38;2;159;64;47m▄[0m[48;2;161;66;49m[38;2;0;0;0m▄[0m[38;2;0;0;0m▀[0m    
      [38;2;0;0;0m▄[0m[48;2;0;0;8m[38;2;203;180;214m▄[0m[48;2;156;61;44m[38;2;65;64;65m▄[0m[48;2;161;66;49m[38;2;65;64;65m▄[0m[48;2;161;66;49m[38;2;65;64;65m▄[0m[48;2;65;64;65m[38;2;206;183;216m▄[0m[48;2;65;64;65m[38;2;65;64;65m▄[0m[48;2;206;183;216m[38;2;206;183;216m▄[0m[48;2;206;183;216m[38;2;65;64;65m▄[0m[48;2;206;183;216m[38;2;65;64;65m▄[0m[48;2;65;64;65m[38;2;206;183;216m▄[0m[48;2;206;183;216m[38;2;206;183;216m▄[0m[48;2;206;183;216m[38;2;206;183;216m▄[0m[48;2;65;64;63m[38;2;206;183;216m▄[0m[48;2;206;183;216m[38;2;65;64;65m▄[0m[48;2;0;0;0m[38;2;255;255;255m▄[0m[48;2;0;0;0m[38;2;255;255;255m▄[0m[48;2;0;0;0m[38;2;255;255;255m▄[0m[48;2;255;255;255m[38;2;255;255;255m▄[0m[48;2;246;246;246m[38;2;255;255;255m▄[0m[48;2;82;82;82m[38;2;255;255;255m▄[0m[48;2;0;0;0m[38;2;0;0;0m▄[0m      
     [38;2;0;4;0m▄[0m[48;2;0;0;0m[38;2;182;159;192m▄[0m[48;2;203;180;214m[38;2;255;255;255m▄[0m[48;2;255;255;255m[38;2;208;185;218m▄[0m[48;2;206;183;216m[38;2;255;255;255m▄[0m[48;2;206;183;216m[38;2;208;185;218m▄[0m[48;2;206;183;216m[38;2;208;185;218m▄[0m[48;2;206;183;216m[38;2;208;185;218m▄[0m[48;2;65;64;65m[38;2;208;185;218m▄[0m[48;2;206;183;216m[38;2;255;255;255m▄[0m[48;2;206;183;216m[38;2;208;185;218m▄[0m[48;2;206;183;216m[38;2;208;185;218m▄[0m[48;2;206;183;216m[38;2;65;64;65m▄[0m[48;2;65;64;65m[38;2;206;183;216m▄[0m[48;2;206;183;216m[38;2;65;64;65m▄[0m[48;2;65;64;65m[38;2;206;183;216m▄[0m[48;2;255;255;255m[38;2;255;255;255m▄[0m[48;2;255;255;255m[38;2;255;255;255m▄[0m[48;2;255;255;255m[38;2;255;255;255m▄[0m[48;2;255;255;255m[38;2;255;255;255m▄[0m[48;2;255;255;255m[38;2;255;255;255m▄[0m[48;2;255;255;255m[38;2;255;255;255m▄[0m[48;2;255;255;255m[38;2;255;255;255m▄[0m[48;2;0;0;0m[38;2;0;0;0m▄[0m     
     [38;2;0;4;0m▀[0m[48;2;255;255;255m[38;2;0;0;0m▄[0m[48;2;208;185;218m[38;2;255;255;255m▄[0m[48;2;255;255;255m[38;2;208;185;218m▄[0m[48;2;208;185;218m[38;2;255;255;255m▄[0m[48;2;255;255;255m[38;2;255;255;255m▄[0m[48;2;255;255;255m[38;2;255;255;255m▄[0m[48;2;255;255;255m[38;2;255;255;255m▄[0m[48;2;255;255;255m[38;2;255;255;255m▄[0m[48;2;255;255;255m[38;2;255;255;255m▄[0m[48;2;255;255;255m[38;2;255;255;255m▄[0m[48;2;208;185;218m[38;2;203;180;214m▄[0m[48;2;65;64;65m[38;2;65;64;65m▄[0m[48;2;206;183;216m[38;2;206;183;216m▄[0m[48;2;206;183;216m[38;2;206;183;216m▄[0m[48;2;206;183;216m[38;2;206;183;216m▄[0m[48;2;208;185;218m[38;2;65;64;65m▄[0m[48;2;208;185;218m[38;2;65;64;65m▄[0m[48;2;255;255;255m[38;2;82;82;82m▄[0m[48;2;255;255;255m[38;2;246;246;246m▄[0m[48;2;255;255;255m[38;2;255;255;255m▄[0m[48;2;255;255;255m[38;2;255;255;255m▄[0m[48;2;255;255;255m[38;2;255;255;255m▄[0m[48;2;0;0;0m[38;2;208;185;218m▄[0m[38;2;0;0;0m▄[0m    
      [38;2;0;0;0m▀[0m[48;2;208;185;218m[38;2;0;0;0m▄[0m[48;2;255;255;255m[38;2;255;255;255m▄[0m[48;2;255;255;255m[38;2;255;255;255m▄[0m[48;2;255;255;255m[38;2;255;255;255m▄[0m[48;2;255;255;255m[38;2;255;255;255m▄[0m[48;2;255;255;255m[38;2;255;255;255m▄[0m[48;2;255;255;255m[38;2;255;255;255m▄[0m[48;2;255;255;255m[38;2;255;255;255m▄[0m[48;2;255;255;255m[38;2;206;183;216m▄[0m[48;2;65;64;65m[38;2;65;64;65m▄[0m[48;2;206;183;216m[38;2;206;183;216m▄[0m[48;2;206;183;216m[38;2;65;64;65m▄[0m[48;2;65;64;65m[38;2;151;128;160m▄[0m[48;2;65;64;65m[38;2;151;128;160m▄[0m[48;2;150;127;159m[38;2;151;128;160m▄[0m[48;2;150;127;159m[38;2;0;0;0m▄[0m[38;2;0;0;0m▀[0m[48;2;82;82;82m[38;2;0;0;0m▄[0m[48;2;255;255;255m[38;2;206;183;216m▄[0m[48;2;255;255;255m[38;2;206;183;216m▄[0m[48;2;208;185;218m[38;2;207;184;217m▄[0m[48;2;208;185;218m[38;2;207;184;217m▄[0m[48;2;0;0;0m[38;2;206;183;216m▄[0m[38;2;0;0;0m▄[0m   
        [48;2;0;0;0m[38;2;0;0;0m▄[0m[48;2;255;255;255m[38;2;65;64;65m▄[0m[48;2;208;185;218m[38;2;206;183;216m▄[0m[48;2;255;255;255m[38;2;208;185;218m▄[0m[48;2;255;255;255m[38;2;255;255;255m▄[0m[48;2;255;255;255m[38;2;206;183;216m▄[0m[48;2;208;185;218m[38;2;65;64;63m▄[0m[48;2;65;64;65m[38;2;203;180;214m▄[0m[48;2;206;183;216m[38;2;203;180;214m▄[0m[48;2;206;183;216m[38;2;255;255;255m▄[0m[48;2;65;64;65m[38;2;0;0;0m▄[0m[38;2;0;0;0m▀[0m[48;2;151;128;160m[38;2;0;0;0m▄[0m[48;2;151;128;160m[38;2;149;126;159m▄[0m[48;2;0;0;0m[38;2;149;126;159m▄[0m[38;2;0;0;0m▄[0m [38;2;0;0;0m▀[0m[48;2;0;0;0m[38;2;0;0;0m▄[0m[48;2;207;184;217m[38;2;208;185;218m▄[0m[48;2;207;184;217m[38;2;255;255;255m▄[0m[48;2;206;183;216m[38;2;0;0;0m▄[0m[38;2;0;0;0m▀[0m   
       [38;2;0;0;0m▄[0m[48;2;0;0;0m[38;2;206;183;216m▄[0m[48;2;206;183;216m[38;2;206;183;216m▄[0m[48;2;65;64;65m[38;2;206;183;216m▄[0m[48;2;208;185;218m[38;2;65;64;63m▄[0m[48;2;208;185;218m[38;2;206;183;216m▄[0m[48;2;206;183;216m[38;2;0;0;0m▄[0m[38;2;0;0;0m▀[0m[48;2;65;64;65m[38;2;0;0;0m▄[0m[48;2;255;255;255m[38;2;255;255;255m▄[0m[48;2;255;255;255m[38;2;255;255;255m▄[0m[48;2;255;255;255m[38;2;255;255;255m▄[0m[48;2;0;0;0m[38;2;65;64;65m▄[0m[48;2;65;64;65m[38;2;151;128;160m▄[0m[48;2;149;126;159m[38;2;151;128;160m▄[0m[48;2;149;126;159m[38;2;0;0;0m▄[0m[38;2;0;0;0m▀[0m [38;2;0;0;0m▄[0m[48;2;0;0;0m[38;2;246;246;246m▄[0m[48;2;255;255;255m[38;2;255;255;255m▄[0m[48;2;255;255;255m[38;2;255;255;255m▄[0m[48;2;0;0;0m[38;2;0;0;0m▄[0m    
     [38;2;0;0;0m▄[0m[48;2;0;0;0m[38;2;161;66;49m▄[0m[48;2;206;183;216m[38;2;65;64;63m▄[0m[48;2;206;183;216m[38;2;206;183;216m▄[0m[48;2;206;183;216m[38;2;65;64;65m▄[0m[48;2;65;64;65m[38;2;0;0;0m▄[0m[38;2;0;0;0m▀[0m[48;2;0;0;0m[38;2;0;0;0m▄[0m[38;2;0;0;0m▄[0m[48;2;0;0;0m[38;2;255;255;255m▄[0m[48;2;255;255;255m[38;2;65;64;65m▄[0m[48;2;255;255;255m[38;2;65;64;65m▄[0m[48;2;255;255;255m[38;2;255;255;255m▄[0m[48;2;65;64;65m[38;2;65;64;74m▄[0m[48;2;164;69;52m[38;2;65;64;65m▄[0m[48;2;164;69;52m[38;2;0;0;0m▄[0m[48;2;151;128;160m[38;2;0;0;0m▄[0m[38;2;0;0;0m▀[0m[38;2;0;0;0m▄[0m[48;2;0;0;0m[38;2;200;105;88m▄[0m[48;2;82;82;82m[38;2;134;39;22m▄[0m[48;2;82;82;82m[38;2;200;105;88m▄[0m[48;2;255;255;255m[38;2;0;0;0m▄[0m[48;2;65;64;65m[38;2;65;64;65m▄[0m[48;2;0;0;0m[38;2;200;105;88m▄[0m[38;2;0;0;0m▄[0m   
     [38;2;0;0;0m▀[0m[48;2;161;66;49m[38;2;0;0;0m▄[0m[38;2;0;0;0m▀[0m[38;2;0;0;0m▀[0m[48;2;161;66;49m[38;2;0;0;0m▄[0m[38;2;0;0;0m▀[0m[48;2;0;0;0m[38;2;0;0;0m▄[0m[48;2;159;64;47m[38;2;159;64;47m▄[0m[48;2;237;142;125m[38;2;0;0;0m▄[0m[48;2;84;84;84m[38;2;65;64;65m▄[0m[48;2;200;105;88m[38;2;200;105;88m▄[0m[48;2;200;105;88m[38;2;0;0;0m▄[0m[48;2;65;64;74m[38;2;0;0;0m▄[0m[48;2;197;102;85m[38;2;200;105;88m▄[0m[48;2;0;0;0m[38;2;0;0;0m▄[0m    [38;2;0;0;0m▀[0m[38;2;0;0;0m▀[0m[38;2;0;0;0m▀[0m [38;2;0;0;0m▀[0m[38;2;0;0;0m▀[0m    
            [38;2;0;0;0m▀[0m [38;2;0;0;0m▀[0m[38;2;0;0;0m▀[0m  [38;2;0;0;0m▀[0m               
