Bagon
  [38;2;0;0;0m▄[0m[38;2;0;0;0m▄[0m[38;2;0;0;0m▄[0m[48;2;0;0;0m[38;2;189;189;181m▄[0m[48;2;0;0;0m[38;2;189;189;181m▄[0m[48;2;0;0;0m[38;2;65;65;65m▄[0m[38;2;0;0;0m▄[0m      
[38;2;0;0;0m▄[0m[48;2;0;0;0m[38;2;140;140;140m▄[0m[48;2;140;140;140m[38;2;65;65;65m▄[0m[48;2;65;65;65m[38;2;189;189;181m▄[0m[48;2;189;189;181m[38;2;189;189;181m▄[0m[48;2;189;189;181m[38;2;189;189;181m▄[0m[48;2;189;189;181m[38;2;140;140;140m▄[0m[48;2;189;189;181m[38;2;140;140;140m▄[0m[48;2;0;0;0m[38;2;189;189;181m▄[0m[48;2;0;0;0m[38;2;189;189;181m▄[0m[38;2;0;0;0m▄[0m    
[38;2;0;0;0m▀[0m[48;2;140;140;140m[38;2;0;0;0m▄[0m[48;2;65;65;65m[38;2;65;65;65m▄[0m[48;2;189;189;181m[38;2;189;189;181m▄[0m[48;2;189;189;181m[38;2;65;65;65m▄[0m[48;2;65;65;65m[38;2;189;189;181m▄[0m[48;2;189;189;181m[38;2;189;189;181m▄[0m[48;2;189;189;181m[38;2;189;189;181m▄[0m[48;2;189;189;181m[38;2;65;65;65m▄[0m[48;2;189;189;181m[38;2;65;65;65m▄[0m[48;2;140;140;140m[38;2;140;140;140m▄[0m[48;2;0;0;0m[38;2;0;0;0m▄[0m   
[38;2;0;0;0m▄[0m[48;2;0;0;0m[38;2;132;181;247m▄[0m[48;2;132;181;247m[38;2;132;181;247m▄[0m[48;2;65;65;65m[38;2;132;181;247m▄[0m[48;2;65;65;65m[38;2;65;65;65m▄[0m[48;2;189;189;181m[38;2;65;65;65m▄[0m[48;2;65;65;65m[38;2;255;255;255m▄[0m[48;2;65;65;65m[38;2;0;0;0m▄[0m[48;2;255;255;255m[38;2;255;255;255m▄[0m[48;2;140;140;140m[38;2;99;140;206m▄[0m[48;2;0;0;0m[38;2;247;214;140m▄[0m[38;2;0;0;0m▄[0m   
[48;2;0;0;0m[38;2;0;0;0m▄[0m[48;2;132;181;247m[38;2;99;140;206m▄[0m[48;2;132;181;247m[38;2;132;181;247m▄[0m[48;2;132;181;247m[38;2;132;181;247m▄[0m[48;2;132;181;247m[38;2;132;181;247m▄[0m[48;2;132;181;247m[38;2;99;140;206m▄[0m[48;2;189;189;181m[38;2;99;140;206m▄[0m[48;2;255;255;255m[38;2;65;65;65m▄[0m[48;2;99;140;206m[38;2;99;140;206m▄[0m[48;2;99;140;206m[38;2;99;140;206m▄[0m[48;2;230;189;90m[38;2;65;65;65m▄[0m[48;2;0;0;0m[38;2;140;140;140m▄[0m[38;2;0;0;0m▄[0m  
 [38;2;0;0;0m▀[0m[48;2;99;140;206m[38;2;0;0;0m▄[0m[48;2;99;140;206m[38;2;0;0;0m▄[0m[48;2;99;140;206m[38;2;230;189;90m▄[0m[48;2;99;140;206m[38;2;230;189;90m▄[0m[48;2;65;65;65m[38;2;230;189;90m▄[0m[48;2;255;255;255m[38;2;65;65;65m▄[0m[48;2;65;65;65m[38;2;74;99;165m▄[0m[48;2;99;140;206m[38;2;65;65;65m▄[0m[48;2;65;65;65m[38;2;99;140;206m▄[0m[48;2;140;140;140m[38;2;65;65;65m▄[0m[48;2;65;65;65m[38;2;140;140;140m▄[0m[48;2;0;0;0m[38;2;0;0;0m▄[0m 
    [38;2;0;0;0m▀[0m[48;2;0;0;0m[38;2;0;0;0m▄[0m[48;2;65;65;65m[38;2;99;140;206m▄[0m[48;2;74;99;165m[38;2;65;65;65m▄[0m[48;2;65;65;65m[38;2;132;181;247m▄[0m[48;2;132;181;247m[38;2;132;181;247m▄[0m[48;2;132;181;247m[38;2;74;99;165m▄[0m[48;2;65;65;65m[38;2;132;181;247m▄[0m[48;2;0;0;0m[38;2;74;99;165m▄[0m[38;2;0;0;0m▄[0m 
    [48;2;0;0;0m[38;2;0;0;0m▄[0m[48;2;99;140;206m[38;2;99;140;206m▄[0m[48;2;65;65;65m[38;2;65;65;65m▄[0m[48;2;132;181;247m[38;2;247;214;140m▄[0m[48;2;65;65;65m[38;2;99;140;206m▄[0m[48;2;65;65;65m[38;2;74;99;165m▄[0m[48;2;99;140;206m[38;2;132;181;247m▄[0m[48;2;132;181;247m[38;2;132;181;247m▄[0m[48;2;132;181;247m[38;2;132;181;247m▄[0m[48;2;0;0;0m[38;2;99;140;206m▄[0m[38;2;0;0;0m▄[0m
     [38;2;0;0;0m▀[0m[48;2;99;140;206m[38;2;0;0;0m▄[0m[48;2;65;65;65m[38;2;0;0;0m▄[0m[48;2;230;189;90m[38;2;0;0;0m▄[0m[48;2;74;99;165m[38;2;0;0;0m▄[0m[48;2;99;140;206m[38;2;99;140;206m▄[0m[48;2;132;181;247m[38;2;99;140;206m▄[0m[48;2;99;140;206m[38;2;99;140;206m▄[0m[48;2;99;140;206m[38;2;0;0;0m▄[0m[38;2;0;0;0m▀[0m
          [38;2;0;0;0m▀[0m[48;2;132;181;247m[38;2;0;0;0m▄[0m[48;2;132;181;247m[38;2;0;0;0m▄[0m[38;2;0;0;0m▀[0m 
