Staravia
       [38;2;0;0;0m▄[0m[48;2;0;0;0m[38;2;0;0;0m▄[0m[48;2;0;0;0m[38;2;99;99;90m▄[0m[48;2;0;0;0m[38;2;65;65;65m▄[0m[38;2;0;0;0m▄[0m          
         [48;2;0;0;0m[38;2;0;0;0m▄[0m[48;2;99;99;90m[38;2;99;99;90m▄[0m[48;2;65;65;65m[38;2;99;99;90m▄[0m[48;2;0;0;0m[38;2;0;0;0m▄[0m         
       [38;2;0;0;0m▄[0m[48;2;0;0;0m[38;2;0;0;0m▄[0m[48;2;99;99;90m[38;2;65;65;65m▄[0m[48;2;99;99;90m[38;2;99;99;90m▄[0m[48;2;99;99;90m[38;2;65;65;65m▄[0m[48;2;0;0;0m[38;2;0;0;0m▄[0m         
    [38;2;0;0;0m▄[0m[48;2;0;0;0m[38;2;148;132;115m▄[0m[48;2;0;0;0m[38;2;148;132;115m▄[0m[48;2;99;99;90m[38;2;99;99;90m▄[0m[48;2;99;99;90m[38;2;99;99;90m▄[0m[48;2;99;99;90m[38;2;99;99;90m▄[0m[48;2;65;65;65m[38;2;99;99;90m▄[0m[48;2;0;0;0m[38;2;0;0;0m▄[0m      [38;2;0;0;0m▄[0m[38;2;0;0;0m▄[0m[48;2;0;0;0m[38;2;214;214;214m▄[0m[48;2;0;0;0m[38;2;0;0;0m▄[0m
   [48;2;0;0;0m[38;2;0;0;0m▄[0m[48;2;148;132;115m[38;2;255;255;255m▄[0m[48;2;148;132;115m[38;2;148;132;115m▄[0m[48;2;148;132;115m[38;2;148;132;115m▄[0m[48;2;148;132;115m[38;2;99;99;90m▄[0m[48;2;99;99;90m[38;2;99;99;90m▄[0m[48;2;99;99;90m[38;2;255;255;255m▄[0m[48;2;99;99;90m[38;2;99;99;90m▄[0m[48;2;99;99;90m[38;2;99;99;90m▄[0m[48;2;0;0;0m[38;2;0;0;0m▄[0m  [38;2;0;0;0m▄[0m[48;2;0;0;0m[38;2;99;99;90m▄[0m[48;2;0;0;0m[38;2;214;214;214m▄[0m[48;2;214;214;214m[38;2;214;214;214m▄[0m[48;2;214;214;214m[38;2;214;214;214m▄[0m[48;2;214;214;214m[38;2;99;99;90m▄[0m[48;2;0;0;0m[38;2;0;0;0m▄[0m
  [48;2;0;0;0m[38;2;0;0;0m▄[0m[48;2;173;165;156m[38;2;214;99;66m▄[0m[48;2;214;99;66m[38;2;247;148;41m▄[0m[48;2;255;255;255m[38;2;247;148;41m▄[0m[48;2;255;255;255m[38;2;255;255;255m▄[0m[48;2;0;0;0m[38;2;0;0;0m▄[0m[48;2;255;255;255m[38;2;255;255;255m▄[0m[48;2;173;165;156m[38;2;99;99;90m▄[0m[48;2;99;99;90m[38;2;99;99;90m▄[0m[48;2;99;99;90m[38;2;99;99;90m▄[0m[48;2;0;0;0m[38;2;99;99;90m▄[0m[38;2;0;0;0m▄[0m[48;2;0;0;0m[38;2;99;99;90m▄[0m[48;2;99;99;90m[38;2;99;99;90m▄[0m[48;2;173;165;156m[38;2;214;214;214m▄[0m[48;2;214;214;214m[38;2;214;214;214m▄[0m[48;2;214;214;214m[38;2;99;99;90m▄[0m[48;2;99;99;90m[38;2;99;99;90m▄[0m[48;2;0;0;0m[38;2;0;0;0m▄[0m 
[38;2;0;0;0m▄[0m[48;2;0;0;0m[38;2;0;0;0m▄[0m[48;2;65;65;65m[38;2;0;0;0m▄[0m[48;2;65;65;65m[38;2;214;99;66m▄[0m[48;2;247;148;41m[38;2;214;99;66m▄[0m[48;2;247;148;41m[38;2;214;99;66m▄[0m[48;2;214;99;66m[38;2;255;255;255m▄[0m[48;2;255;255;255m[38;2;255;255;255m▄[0m[48;2;99;99;90m[38;2;255;255;255m▄[0m[48;2;99;99;90m[38;2;99;99;90m▄[0m[48;2;99;99;90m[38;2;99;99;90m▄[0m[48;2;99;99;90m[38;2;99;99;90m▄[0m[48;2;99;99;90m[38;2;99;99;90m▄[0m[48;2;99;99;90m[38;2;99;99;90m▄[0m[48;2;65;65;65m[38;2;65;65;65m▄[0m[48;2;99;99;90m[38;2;65;65;65m▄[0m[48;2;214;214;214m[38;2;65;65;65m▄[0m[48;2;99;99;90m[38;2;99;99;90m▄[0m[48;2;99;99;90m[38;2;99;99;90m▄[0m[48;2;99;99;90m[38;2;0;0;0m▄[0m[38;2;0;0;0m▀[0m 
   [48;2;0;0;0m[38;2;0;0;0m▄[0m[48;2;255;255;255m[38;2;65;65;65m▄[0m[48;2;255;255;255m[38;2;255;255;255m▄[0m[48;2;255;255;255m[38;2;65;65;65m▄[0m[48;2;99;99;90m[38;2;99;99;90m▄[0m[48;2;173;165;156m[38;2;99;99;90m▄[0m[48;2;255;255;255m[38;2;99;99;90m▄[0m[48;2;99;99;90m[38;2;65;65;65m▄[0m[48;2;99;99;90m[38;2;99;99;90m▄[0m[48;2;99;99;90m[38;2;99;99;90m▄[0m[48;2;99;99;90m[38;2;148;132;115m▄[0m[48;2;99;99;90m[38;2;99;99;90m▄[0m[48;2;65;65;65m[38;2;148;132;115m▄[0m[48;2;99;99;90m[38;2;99;99;90m▄[0m[48;2;65;65;65m[38;2;0;0;0m▄[0m[38;2;0;0;0m▀[0m   
   [38;2;0;0;0m▀[0m[48;2;99;99;90m[38;2;0;0;0m▄[0m[48;2;65;65;65m[38;2;99;99;90m▄[0m[48;2;99;99;90m[38;2;255;255;255m▄[0m[48;2;65;65;65m[38;2;99;99;90m▄[0m[48;2;99;99;90m[38;2;65;65;65m▄[0m[48;2;99;99;90m[38;2;99;99;90m▄[0m[48;2;65;65;65m[38;2;65;65;65m▄[0m[48;2;99;99;90m[38;2;65;65;65m▄[0m[48;2;99;99;90m[38;2;148;132;115m▄[0m[48;2;148;132;115m[38;2;148;132;115m▄[0m[48;2;148;132;115m[38;2;148;132;115m▄[0m[48;2;148;132;115m[38;2;148;132;115m▄[0m[48;2;99;99;90m[38;2;0;0;0m▄[0m[38;2;0;0;0m▀[0m    
    [38;2;0;0;0m▀[0m[48;2;255;255;255m[38;2;0;0;0m▄[0m[48;2;255;255;255m[38;2;255;255;255m▄[0m[48;2;255;255;255m[38;2;148;132;115m▄[0m[48;2;148;132;115m[38;2;148;132;115m▄[0m[48;2;65;65;65m[38;2;148;132;115m▄[0m[48;2;148;132;115m[38;2;148;132;115m▄[0m[48;2;65;65;65m[38;2;148;132;115m▄[0m[48;2;65;65;65m[38;2;148;132;115m▄[0m[48;2;148;132;115m[38;2;0;0;0m▄[0m[48;2;148;132;115m[38;2;0;0;0m▄[0m[38;2;0;0;0m▀[0m      
      [38;2;0;0;0m▀[0m[38;2;0;0;0m▀[0m[48;2;123;107;90m[38;2;0;0;0m▄[0m[48;2;123;107;90m[38;2;247;148;41m▄[0m[48;2;214;99;66m[38;2;0;0;0m▄[0m[48;2;123;107;90m[38;2;247;148;41m▄[0m[48;2;0;0;0m[38;2;0;0;0m▄[0m         
         [38;2;0;0;0m▀[0m [38;2;0;0;0m▀[0m          
