Riolu
   [38;2;0;0;0m▄[0m[48;2;0;0;0m[38;2;173;185;62m▄[0m[38;2;0;0;0m▄[0m   [38;2;0;0;0m▄[0m        
  [38;2;0;0;0m▄[0m[48;2;0;0;0m[38;2;173;185;62m▄[0m[48;2;173;185;62m[38;2;225;237;107m▄[0m[48;2;173;185;62m[38;2;225;237;107m▄[0m[48;2;0;0;0m[38;2;225;237;107m▄[0m[48;2;0;0;0m[38;2;173;185;62m▄[0m[48;2;0;0;0m[38;2;225;237;107m▄[0m[48;2;225;237;107m[38;2;225;237;107m▄[0m[48;2;0;0;0m[38;2;0;0;0m▄[0m       
 [38;2;0;0;0m▄[0m[48;2;0;0;0m[38;2;65;65;65m▄[0m[48;2;225;237;107m[38;2;225;237;107m▄[0m[48;2;225;237;107m[38;2;225;237;107m▄[0m[48;2;225;237;107m[38;2;225;237;107m▄[0m[48;2;225;237;107m[38;2;225;237;107m▄[0m[48;2;225;237;107m[38;2;65;65;65m▄[0m[48;2;225;237;107m[38;2;65;65;65m▄[0m[48;2;225;237;107m[38;2;65;65;65m▄[0m[48;2;225;237;107m[38;2;225;237;107m▄[0m[48;2;0;0;0m[38;2;0;0;0m▄[0m      
[38;2;0;0;0m▄[0m[48;2;0;0;0m[38;2;115;115;123m▄[0m[48;2;115;115;123m[38;2;115;115;123m▄[0m[48;2;65;65;65m[38;2;115;115;123m▄[0m[48;2;65;65;65m[38;2;65;65;65m▄[0m[48;2;65;65;65m[38;2;189;189;181m▄[0m[48;2;0;0;0m[38;2;247;99;82m▄[0m[48;2;189;189;181m[38;2;255;255;255m▄[0m[48;2;0;0;0m[38;2;65;65;65m▄[0m[48;2;65;65;65m[38;2;65;65;65m▄[0m[48;2;65;65;65m[38;2;115;115;123m▄[0m[48;2;0;0;0m[38;2;0;0;0m▄[0m  [38;2;0;0;0m▄[0m[38;2;0;0;0m▄[0m[38;2;0;0;0m▄[0m 
[38;2;0;0;0m▀[0m[48;2;65;65;65m[38;2;0;0;0m▄[0m[48;2;115;115;123m[38;2;0;0;0m▄[0m[48;2;65;65;65m[38;2;173;185;62m▄[0m[48;2;173;185;62m[38;2;225;237;107m▄[0m[48;2;65;65;65m[38;2;225;237;107m▄[0m[48;2;247;99;82m[38;2;225;237;107m▄[0m[48;2;189;189;181m[38;2;173;185;62m▄[0m[48;2;225;237;107m[38;2;65;65;65m▄[0m[48;2;65;65;65m[38;2;65;65;65m▄[0m[48;2;115;115;123m[38;2;65;65;65m▄[0m[48;2;115;115;123m[38;2;115;115;123m▄[0m[48;2;0;0;0m[38;2;115;115;123m▄[0m[48;2;0;0;0m[38;2;65;65;65m▄[0m[48;2;173;185;62m[38;2;173;185;62m▄[0m[48;2;173;185;62m[38;2;173;185;62m▄[0m[48;2;173;185;62m[38;2;0;0;0m▄[0m[38;2;0;0;0m▀[0m
   [38;2;0;0;0m▀[0m[38;2;0;0;0m▀[0m[48;2;0;0;0m[38;2;0;0;0m▄[0m[48;2;65;65;65m[38;2;136;153;171m▄[0m[48;2;65;65;65m[38;2;136;153;171m▄[0m[48;2;121;136;146m[38;2;65;65;65m▄[0m[48;2;65;65;65m[38;2;65;65;65m▄[0m[48;2;65;65;65m[38;2;225;237;107m▄[0m[48;2;115;115;123m[38;2;65;65;65m▄[0m[48;2;115;115;123m[38;2;65;65;65m▄[0m[48;2;65;65;65m[38;2;173;185;62m▄[0m[48;2;173;185;62m[38;2;173;185;62m▄[0m[48;2;173;185;62m[38;2;173;185;62m▄[0m[48;2;0;0;0m[38;2;0;0;0m▄[0m 
    [48;2;0;0;0m[38;2;0;0;0m▄[0m[48;2;173;185;62m[38;2;143;154;36m▄[0m[48;2;65;65;65m[38;2;173;185;62m▄[0m[48;2;65;65;65m[38;2;143;154;36m▄[0m[48;2;173;185;62m[38;2;225;237;107m▄[0m[48;2;65;65;65m[38;2;225;237;107m▄[0m[48;2;173;185;62m[38;2;65;65;65m▄[0m[48;2;225;237;107m[38;2;225;237;107m▄[0m[48;2;173;185;62m[38;2;225;237;107m▄[0m[48;2;65;65;65m[38;2;0;0;0m▄[0m[48;2;173;185;62m[38;2;0;0;0m▄[0m[38;2;0;0;0m▀[0m  
    [38;2;0;0;0m▄[0m[48;2;0;0;0m[38;2;65;65;65m▄[0m[48;2;65;65;65m[38;2;65;65;65m▄[0m[48;2;0;0;0m[38;2;0;0;0m▄[0m[38;2;0;0;0m▀[0m[48;2;225;237;107m[38;2;0;0;0m▄[0m[48;2;225;237;107m[38;2;0;0;0m▄[0m[48;2;65;65;65m[38;2;115;115;123m▄[0m[48;2;0;0;0m[38;2;0;0;0m▄[0m[38;2;0;0;0m▀[0m    
     [38;2;0;0;0m▀[0m[38;2;0;0;0m▀[0m   [48;2;0;0;0m[38;2;0;0;0m▄[0m[48;2;115;115;123m[38;2;0;0;0m▄[0m[38;2;0;0;0m▀[0m     
