Croagunk
  [38;2;0;0;0m▄[0m[48;2;0;0;0m[38;2;132;148;255m▄[0m[48;2;0;0;0m[38;2;132;148;255m▄[0m[48;2;0;0;0m[38;2;132;148;255m▄[0m[38;2;0;0;0m▄[0m[38;2;0;0;0m▄[0m[38;2;0;0;0m▄[0m        
 [48;2;0;0;0m[38;2;0;0;0m▄[0m[48;2;132;148;255m[38;2;132;148;255m▄[0m[48;2;132;148;255m[38;2;132;148;255m▄[0m[48;2;132;148;255m[38;2;132;148;255m▄[0m[48;2;132;148;255m[38;2;132;148;255m▄[0m[48;2;132;148;255m[38;2;132;148;255m▄[0m[48;2;132;148;255m[38;2;132;148;255m▄[0m[48;2;99;115;197m[38;2;132;148;255m▄[0m[48;2;0;0;0m[38;2;132;148;255m▄[0m[38;2;0;0;0m▄[0m      
[48;2;0;0;0m[38;2;0;0;0m▄[0m[48;2;65;65;65m[38;2;132;148;255m▄[0m[48;2;132;148;255m[38;2;132;148;255m▄[0m[48;2;132;148;255m[38;2;132;148;255m▄[0m[48;2;99;115;197m[38;2;65;65;65m▄[0m[48;2;65;65;65m[38;2;247;247;41m▄[0m[48;2;99;115;197m[38;2;0;0;0m▄[0m[48;2;65;65;65m[38;2;247;247;41m▄[0m[48;2;99;115;197m[38;2;65;65;65m▄[0m[48;2;132;148;255m[38;2;132;148;255m▄[0m[48;2;99;115;197m[38;2;132;148;255m▄[0m[48;2;0;0;0m[38;2;99;115;197m▄[0m[48;2;0;0;0m[38;2;99;115;197m▄[0m[38;2;0;0;0m▄[0m   
[38;2;0;0;0m▀[0m[48;2;132;148;255m[38;2;0;0;0m▄[0m[48;2;99;115;197m[38;2;132;148;255m▄[0m[48;2;132;148;255m[38;2;132;148;255m▄[0m[48;2;65;65;65m[38;2;132;148;255m▄[0m[48;2;189;165;66m[38;2;65;65;65m▄[0m[48;2;247;247;41m[38;2;65;65;65m▄[0m[48;2;189;165;66m[38;2;65;65;65m▄[0m[48;2;65;65;65m[38;2;132;148;255m▄[0m[48;2;247;148;41m[38;2;247;148;41m▄[0m[48;2;247;148;41m[38;2;214;99;66m▄[0m[48;2;99;115;197m[38;2;99;115;197m▄[0m[48;2;99;115;197m[38;2;132;148;255m▄[0m[48;2;107;107;115m[38;2;107;107;115m▄[0m[48;2;0;0;0m[38;2;255;255;255m▄[0m[38;2;0;0;0m▄[0m 
  [38;2;0;0;0m▀[0m[48;2;65;65;65m[38;2;0;0;0m▄[0m[48;2;132;148;255m[38;2;65;65;65m▄[0m[48;2;132;148;255m[38;2;65;65;65m▄[0m[48;2;132;148;255m[38;2;99;115;197m▄[0m[48;2;132;148;255m[38;2;99;115;197m▄[0m[48;2;65;65;65m[38;2;99;115;197m▄[0m[48;2;99;115;197m[38;2;99;115;197m▄[0m[48;2;99;115;197m[38;2;107;107;115m▄[0m[48;2;65;65;65m[38;2;65;65;65m▄[0m[48;2;107;107;115m[38;2;132;148;255m▄[0m[48;2;65;65;65m[38;2;65;65;65m▄[0m[48;2;189;189;189m[38;2;255;255;255m▄[0m[48;2;0;0;0m[38;2;255;255;255m▄[0m[38;2;0;0;0m▄[0m
  [48;2;0;0;0m[38;2;0;0;0m▄[0m[48;2;107;107;115m[38;2;247;148;41m▄[0m[48;2;247;148;41m[38;2;107;107;115m▄[0m[48;2;107;107;115m[38;2;0;0;0m▄[0m[48;2;65;65;65m[38;2;0;0;0m▄[0m[48;2;65;65;65m[38;2;99;115;197m▄[0m[48;2;189;189;189m[38;2;99;115;197m▄[0m[48;2;189;189;189m[38;2;65;65;65m▄[0m[48;2;65;65;65m[38;2;107;107;115m▄[0m[48;2;107;107;115m[38;2;107;107;115m▄[0m[48;2;132;148;255m[38;2;107;107;115m▄[0m[48;2;65;65;65m[38;2;65;65;65m▄[0m[48;2;189;189;189m[38;2;132;148;255m▄[0m[48;2;99;115;197m[38;2;132;148;255m▄[0m[48;2;0;0;0m[38;2;0;0;0m▄[0m
   [38;2;0;0;0m▀[0m[38;2;0;0;0m▀[0m [38;2;0;0;0m▀[0m[48;2;65;65;65m[38;2;0;0;0m▄[0m[48;2;99;115;197m[38;2;0;0;0m▄[0m[48;2;65;65;65m[38;2;0;0;0m▄[0m[48;2;107;107;115m[38;2;107;107;115m▄[0m[48;2;247;148;41m[38;2;247;148;41m▄[0m[48;2;107;107;115m[38;2;107;107;115m▄[0m[48;2;65;65;65m[38;2;0;0;0m▄[0m[48;2;132;148;255m[38;2;99;115;197m▄[0m[48;2;99;115;197m[38;2;0;0;0m▄[0m[38;2;0;0;0m▀[0m
          [38;2;0;0;0m▀[0m[38;2;0;0;0m▀[0m[48;2;0;0;0m[38;2;0;0;0m▄[0m[48;2;65;65;65m[38;2;107;107;115m▄[0m[48;2;65;65;65m[38;2;65;65;65m▄[0m[48;2;65;65;65m[38;2;107;107;115m▄[0m[48;2;0;0;0m[38;2;0;0;0m▄[0m
             [38;2;0;0;0m▀[0m[38;2;0;0;0m▀[0m[38;2;0;0;0m▀[0m 
