Dialga
         [38;2;0;0;0m▄[0m[48;2;0;0;0m[38;2;185;202;177m▄[0m[38;2;0;0;0m▄[0m       [38;2;0;0;0m▄[0m[38;2;0;0;0m▄[0m                    
        [38;2;0;0;0m▄[0m[48;2;0;0;0m[38;2;185;202;177m▄[0m[48;2;185;202;177m[38;2;0;0;0m▄[0m[38;2;0;0;0m▀[0m    [38;2;0;0;0m▄[0m[38;2;0;0;0m▄[0m[48;2;0;0;0m[38;2;255;255;255m▄[0m[48;2;255;255;255m[38;2;0;0;0m▄[0m[38;2;0;0;0m▀[0m                    
       [48;2;0;0;0m[38;2;0;0;0m▄[0m[48;2;185;202;177m[38;2;185;202;177m▄[0m[48;2;185;202;177m[38;2;0;0;0m▄[0m[38;2;0;0;0m▀[0m [38;2;0;0;0m▄[0m[38;2;0;0;0m▄[0m[48;2;0;0;0m[38;2;234;251;226m▄[0m[48;2;0;0;0m[38;2;65;64;65m▄[0m[48;2;82;83;82m[38;2;255;255;255m▄[0m[48;2;241;255;234m[38;2;255;255;255m▄[0m[48;2;255;255;255m[38;2;49;76;68m▄[0m[48;2;0;0;0m[38;2;0;0;0m▄[0m                     
     [38;2;0;0;0m▄[0m[48;2;0;0;0m[38;2;186;203;178m▄[0m[48;2;185;202;177m[38;2;186;203;178m▄[0m[48;2;185;202;177m[38;2;0;0;0m▄[0m[38;2;0;0;0m▀[0m[38;2;0;12;16m▄[0m[48;2;0;0;0m[38;2;180;250;159m▄[0m[48;2;180;250;159m[38;2;112;134;124m▄[0m[48;2;180;250;159m[38;2;49;74;66m▄[0m[48;2;65;64;65m[38;2;255;255;255m▄[0m[48;2;234;251;226m[38;2;255;255;255m▄[0m[48;2;255;255;255m[38;2;255;255;255m▄[0m[48;2;65;64;65m[38;2;65;82;75m▄[0m[48;2;74;115;103m[38;2;57;127;108m▄[0m[48;2;0;0;0m[38;2;0;0;0m▄[0m                     
    [38;2;0;0;0m▄[0m[48;2;0;0;0m[38;2;185;202;177m▄[0m[48;2;186;203;178m[38;2;185;202;177m▄[0m[48;2;186;203;178m[38;2;65;64;65m▄[0m[48;2;65;64;65m[38;2;49;82;76m▄[0m[48;2;0;0;0m[38;2;180;250;159m▄[0m[48;2;180;250;159m[38;2;74;167;142m▄[0m[48;2;90;135;116m[38;2;74;167;142m▄[0m[48;2;49;74;66m[38;2;65;64;65m▄[0m[48;2;243;255;237m[38;2;255;255;255m▄[0m[48;2;255;255;255m[38;2;255;255;255m▄[0m[48;2;255;255;255m[38;2;65;82;75m▄[0m[48;2;65;82;75m[38;2;60;126;109m▄[0m[48;2;65;82;75m[38;2;60;126;109m▄[0m[48;2;0;0;0m[38;2;0;0;0m▄[0m                      
 [38;2;0;0;0m▄[0m[38;2;0;0;0m▄[0m[38;2;0;0;0m▄[0m[38;2;0;0;0m▀[0m[48;2;185;202;177m[38;2;0;0;0m▄[0m[48;2;185;202;177m[38;2;57;74;71m▄[0m[48;2;65;64;65m[38;2;98;134;118m▄[0m[48;2;180;250;159m[38;2;65;64;65m▄[0m[48;2;93;139;120m[38;2;65;64;65m▄[0m[48;2;74;167;142m[38;2;74;164;141m▄[0m[48;2;74;167;142m[38;2;65;64;65m▄[0m[48;2;65;64;65m[38;2;255;255;255m▄[0m[48;2;255;255;255m[38;2;255;255;255m▄[0m[48;2;65;82;75m[38;2;65;64;65m▄[0m[48;2;65;82;75m[38;2;60;126;109m▄[0m[48;2;60;126;109m[38;2;0;0;0m▄[0m[38;2;0;0;0m▀[0m          [38;2;0;0;0m▄[0m[38;2;0;0;0m▄[0m           
[38;2;0;0;0m▀[0m[48;2;185;202;177m[38;2;0;0;0m▄[0m[48;2;185;202;177m[38;2;194;211;186m▄[0m[48;2;185;202;177m[38;2;94;113;119m▄[0m[48;2;0;0;0m[38;2;180;250;159m▄[0m[48;2;180;250;159m[38;2;74;164;141m▄[0m[48;2;180;250;159m[38;2;74;164;141m▄[0m[48;2;57;74;71m[38;2;74;164;141m▄[0m[48;2;255;255;255m[38;2;65;64;65m▄[0m[48;2;255;255;255m[38;2;255;255;255m▄[0m[48;2;65;64;65m[38;2;255;255;255m▄[0m[48;2;65;64;65m[38;2;255;255;255m▄[0m[48;2;255;255;255m[38;2;255;255;255m▄[0m[48;2;65;64;65m[38;2;65;82;75m▄[0m[48;2;60;126;109m[38;2;57;127;108m▄[0m[48;2;60;126;109m[38;2;0;0;0m▄[0m[38;2;0;0;0m▀[0m       [38;2;0;0;0m▄[0m [38;2;0;0;0m▄[0m[48;2;0;0;0m[38;2;255;255;255m▄[0m[48;2;255;255;255m[38;2;0;0;0m▄[0m[38;2;0;0;0m▀[0m           
  [48;2;0;18;24m[38;2;0;0;0m▄[0m[48;2;94;113;119m[38;2;255;255;255m▄[0m[48;2;74;164;141m[38;2;74;139;148m▄[0m[48;2;74;164;141m[38;2;74;139;148m▄[0m[48;2;78;134;143m[38;2;254;255;253m▄[0m[48;2;78;134;143m[38;2;254;255;253m▄[0m[48;2;255;255;255m[38;2;65;64;65m▄[0m[48;2;65;64;65m[38;2;65;64;65m▄[0m[48;2;255;255;255m[38;2;65;64;65m▄[0m[48;2;255;255;255m[38;2;255;255;255m▄[0m[48;2;65;82;75m[38;2;65;64;65m▄[0m[48;2;65;82;75m[38;2;65;64;65m▄[0m[48;2;0;0;0m[38;2;185;202;177m▄[0m[38;2;0;0;0m▄[0m    [38;2;0;0;0m▄[0m  [48;2;0;0;0m[38;2;0;0;0m▄[0m[48;2;255;255;255m[38;2;250;255;247m▄[0m[48;2;0;0;0m[38;2;0;0;0m▄[0m[48;2;255;255;255m[38;2;255;255;255m▄[0m[48;2;255;255;255m[38;2;0;0;0m▄[0m[38;2;0;0;0m▀[0m[38;2;0;0;0m▄[0m[38;2;0;0;0m▄[0m[48;2;0;0;0m[38;2;255;255;255m▄[0m[48;2;0;0;0m[38;2;255;255;255m▄[0m[38;2;0;0;0m▄[0m       
  [38;2;8;4;0m▄[0m[48;2;0;0;0m[38;2;74;68;63m▄[0m[48;2;255;255;255m[38;2;189;206;181m▄[0m[48;2;255;255;255m[38;2;49;90;78m▄[0m[48;2;112;84;82m[38;2;65;64;65m▄[0m[48;2;41;0;0m[38;2;255;97;57m▄[0m[48;2;255;97;57m[38;2;65;64;65m▄[0m[48;2;65;64;65m[38;2;65;64;65m▄[0m[48;2;255;255;255m[38;2;255;255;255m▄[0m[48;2;255;255;255m[38;2;255;255;255m▄[0m[48;2;65;64;65m[38;2;57;74;72m▄[0m[48;2;185;202;177m[38;2;172;205;196m▄[0m[48;2;185;202;177m[38;2;0;0;0m▄[0m[38;2;0;0;0m▀[0m   [48;2;0;0;0m[38;2;0;0;0m▄[0m[48;2;255;255;255m[38;2;255;255;255m▄[0m[48;2;0;0;0m[38;2;118;135;110m▄[0m[48;2;0;0;0m[38;2;118;135;110m▄[0m[48;2;255;255;255m[38;2;255;255;255m▄[0m[48;2;84;83;84m[38;2;118;135;110m▄[0m[48;2;250;255;247m[38;2;255;255;255m▄[0m[48;2;255;255;255m[38;2;120;137;112m▄[0m[48;2;118;135;110m[38;2;55;72;47m▄[0m[48;2;0;0;0m[38;2;255;255;255m▄[0m[48;2;118;135;110m[38;2;255;255;255m▄[0m[48;2;255;255;255m[38;2;255;255;255m▄[0m[48;2;255;255;255m[38;2;0;0;0m▄[0m[38;2;0;0;0m▀[0m        
 [38;2;0;0;0m▀[0m[48;2;190;207;182m[38;2;0;0;0m▄[0m[48;2;74;68;63m[38;2;65;64;63m▄[0m[48;2;189;206;181m[38;2;57;74;71m▄[0m[48;2;98;126;117m[38;2;119;139;134m▄[0m[48;2;65;64;65m[38;2;98;126;117m▄[0m[48;2;65;64;65m[38;2;49;90;78m▄[0m[48;2;65;64;65m[38;2;255;255;255m▄[0m[48;2;255;255;255m[38;2;255;255;255m▄[0m[48;2;255;255;255m[38;2;243;255;237m▄[0m[48;2;65;64;65m[38;2;49;74;66m▄[0m[48;2;115;139;134m[38;2;180;250;159m▄[0m[48;2;0;6;8m[38;2;49;82;76m▄[0m[38;2;0;0;0m▄[0m[48;2;0;0;0m[38;2;185;202;177m▄[0m[48;2;0;0;0m[38;2;185;202;177m▄[0m[38;2;0;0;0m▄[0m [48;2;0;0;0m[38;2;0;0;0m▄[0m[48;2;255;255;255m[38;2;254;255;253m▄[0m[48;2;118;135;110m[38;2;118;135;110m▄[0m[48;2;255;255;255m[38;2;255;255;255m▄[0m[48;2;118;135;110m[38;2;118;135;110m▄[0m[48;2;255;255;255m[38;2;255;255;255m▄[0m[48;2;118;135;110m[38;2;118;135;110m▄[0m[48;2;184;201;176m[38;2;118;135;110m▄[0m[48;2;120;137;112m[38;2;255;255;255m▄[0m[48;2;255;255;255m[38;2;255;255;255m▄[0m[48;2;255;255;255m[38;2;118;135;110m▄[0m[48;2;0;0;0m[38;2;167;184;159m▄[0m[38;2;24;20;8m▄[0m[38;2;0;0;0m▄[0m[48;2;0;0;0m[38;2;255;255;255m▄[0m[48;2;0;0;0m[38;2;255;255;255m▄[0m[48;2;0;0;0m[38;2;255;255;255m▄[0m[38;2;0;0;0m▄[0m    
  [38;2;0;0;0m▀[0m[48;2;185;202;177m[38;2;0;0;0m▄[0m[48;2;188;205;180m[38;2;185;202;177m▄[0m[48;2;57;74;71m[38;2;65;64;63m▄[0m[48;2;189;206;181m[38;2;0;0;0m▄[0m[48;2;189;206;181m[38;2;0;0;0m▄[0m[48;2;65;64;65m[38;2;0;0;0m▄[0m[48;2;255;255;255m[38;2;255;255;255m▄[0m[48;2;49;74;66m[38;2;65;64;65m▄[0m[48;2;112;134;124m[38;2;60;126;109m▄[0m[48;2;93;139;120m[38;2;84;167;141m▄[0m[48;2;180;250;159m[38;2;172;250;160m▄[0m[48;2;65;64;63m[38;2;90;145;125m▄[0m[48;2;185;202;177m[38;2;49;90;86m▄[0m[48;2;185;202;177m[38;2;0;0;0m▄[0m[38;2;0;0;0m▀[0m  [48;2;0;0;0m[38;2;0;0;0m▄[0m[48;2;118;135;110m[38;2;185;202;177m▄[0m[48;2;255;255;255m[38;2;119;136;111m▄[0m[48;2;118;135;110m[38;2;185;202;177m▄[0m[48;2;118;135;110m[38;2;187;204;179m▄[0m[48;2;182;199;174m[38;2;187;204;179m▄[0m[48;2;118;135;110m[38;2;119;136;111m▄[0m[48;2;255;255;255m[38;2;119;136;111m▄[0m[48;2;118;135;110m[38;2;185;202;177m▄[0m[48;2;182;199;174m[38;2;119;136;111m▄[0m[48;2;89;106;81m[38;2;255;255;255m▄[0m[48;2;255;255;255m[38;2;255;255;255m▄[0m[48;2;255;255;255m[38;2;255;255;255m▄[0m[48;2;255;255;255m[38;2;0;0;0m▄[0m[48;2;255;255;255m[38;2;0;0;0m▄[0m[38;2;0;0;0m▀[0m     
    [38;2;0;0;0m▀[0m[38;2;0;0;0m▀[0m [38;2;0;0;0m▄[0m [38;2;0;0;0m▀[0m[48;2;60;126;109m[38;2;0;0;0m▄[0m[48;2;60;126;109m[38;2;74;115;103m▄[0m[48;2;41;123;106m[38;2;60;126;108m▄[0m[48;2;84;167;141m[38;2;60;126;108m▄[0m[48;2;172;250;154m[38;2;74;164;141m▄[0m[48;2;90;145;125m[38;2;74;164;141m▄[0m[48;2;65;64;65m[38;2;55;72;47m▄[0m[48;2;0;0;0m[38;2;118;135;110m▄[0m[48;2;0;0;0m[38;2;246;255;248m▄[0m[38;2;0;16;16m▄[0m [38;2;0;0;0m▀[0m[48;2;185;202;177m[38;2;0;0;0m▄[0m[48;2;185;202;177m[38;2;237;254;229m▄[0m[48;2;255;255;255m[38;2;57;74;71m▄[0m[48;2;255;255;255m[38;2;57;74;71m▄[0m[48;2;185;202;177m[38;2;65;64;65m▄[0m[48;2;185;202;177m[38;2;65;64;65m▄[0m[48;2;185;202;177m[38;2;185;202;177m▄[0m[48;2;185;202;177m[38;2;0;0;0m▄[0m[38;2;0;0;0m▀[0m[38;2;0;0;0m▀[0m[38;2;0;0;0m▀[0m        
      [48;2;0;0;0m[38;2;0;0;0m▄[0m[48;2;185;202;177m[38;2;185;202;177m▄[0m[48;2;0;0;0m[38;2;185;202;177m▄[0m[38;2;0;0;0m▄[0m[48;2;0;0;0m[38;2;255;255;255m▄[0m[48;2;49;76;68m[38;2;255;255;255m▄[0m[48;2;60;126;108m[38;2;55;72;47m▄[0m[48;2;60;126;108m[38;2;55;72;47m▄[0m[48;2;65;64;65m[38;2;118;135;110m▄[0m[48;2;65;64;65m[38;2;255;255;255m▄[0m[48;2;255;255;255m[38;2;254;255;253m▄[0m[48;2;255;255;255m[38;2;118;135;110m▄[0m[48;2;82;95;93m[38;2;65;64;65m▄[0m[48;2;82;95;93m[38;2;71;169;142m▄[0m[48;2;0;0;0m[38;2;74;167;142m▄[0m[48;2;0;0;0m[38;2;74;167;142m▄[0m[48;2;82;82;82m[38;2;74;167;142m▄[0m[48;2;82;82;82m[38;2;74;167;142m▄[0m[48;2;180;250;159m[38;2;74;164;141m▄[0m[48;2;98;134;118m[38;2;180;250;159m▄[0m[48;2;74;164;141m[38;2;74;164;141m▄[0m[48;2;65;64;65m[38;2;74;164;141m▄[0m[48;2;0;0;0m[38;2;82;172;149m▄[0m[38;2;16;12;8m▄[0m[38;2;0;0;0m▄[0m       [38;2;0;0;0m▄[0m[38;2;0;0;0m▄[0m 
       [38;2;0;0;0m▀[0m[48;2;185;202;177m[38;2;0;12;16m▄[0m[48;2;65;64;63m[38;2;255;255;255m▄[0m[48;2;255;255;255m[38;2;134;167;161m▄[0m[48;2;118;135;110m[38;2;177;194;169m▄[0m[48;2;254;255;253m[38;2;255;255;255m▄[0m[48;2;118;135;110m[38;2;118;135;110m▄[0m[48;2;255;255;255m[38;2;118;135;110m▄[0m[48;2;255;255;255m[38;2;118;135;110m▄[0m[48;2;118;135;110m[38;2;185;202;177m▄[0m[48;2;65;64;49m[38;2;65;64;65m▄[0m[48;2;68;117;104m[38;2;60;126;108m▄[0m[48;2;71;169;142m[38;2;60;126;108m▄[0m[48;2;74;167;142m[38;2;74;164;141m▄[0m[48;2;74;167;142m[38;2;74;164;141m▄[0m[48;2;74;167;142m[38;2;57;123;103m▄[0m[48;2;74;167;142m[38;2;57;123;103m▄[0m[48;2;74;164;141m[38;2;106;218;135m▄[0m[48;2;180;250;159m[38;2;106;218;135m▄[0m[48;2;180;250;159m[38;2;106;218;135m▄[0m[48;2;74;164;141m[38;2;57;123;103m▄[0m[48;2;60;117;102m[38;2;57;126;107m▄[0m[48;2;38;63;57m[38;2;57;126;107m▄[0m[48;2;57;127;108m[38;2;57;65;60m▄[0m[48;2;0;0;0m[38;2;74;120;104m▄[0m[38;2;0;0;0m▄[0m[38;2;0;0;0m▄[0m[38;2;0;0;0m▄[0m[38;2;0;0;0m▄[0m[48;2;0;0;0m[38;2;60;123;106m▄[0m[48;2;0;0;0m[38;2;180;250;159m▄[0m[48;2;180;250;159m[38;2;180;250;159m▄[0m[48;2;180;250;159m[38;2;0;0;0m▄[0m[38;2;0;0;0m▀[0m
        [48;2;0;12;16m[38;2;0;0;0m▄[0m[48;2;84;92;95m[38;2;255;255;255m▄[0m[48;2;71;178;164m[38;2;65;241;159m▄[0m[48;2;71;178;164m[38;2;65;241;159m▄[0m[48;2;255;255;255m[38;2;74;132;139m▄[0m[48;2;255;255;255m[38;2;254;255;253m▄[0m[48;2;255;255;255m[38;2;255;255;255m▄[0m[48;2;182;199;174m[38;2;118;135;110m▄[0m[48;2;185;202;177m[38;2;120;137;112m▄[0m[48;2;65;64;65m[38;2;182;199;174m▄[0m[48;2;60;126;108m[38;2;65;64;65m▄[0m[48;2;60;126;108m[38;2;65;64;65m▄[0m[48;2;57;126;107m[38;2;68;126;110m▄[0m[48;2;57;126;107m[38;2;106;225;142m▄[0m[48;2;106;218;135m[38;2;65;123;106m▄[0m[48;2;106;218;135m[38;2;65;123;106m▄[0m[48;2;57;123;103m[38;2;38;63;57m▄[0m[48;2;57;123;103m[38;2;60;117;102m▄[0m[48;2;57;123;103m[38;2;74;164;141m▄[0m[48;2;106;218;135m[38;2;180;250;159m▄[0m[48;2;57;126;107m[38;2;74;164;141m▄[0m[48;2;74;164;141m[38;2;74;164;141m▄[0m[48;2;57;65;60m[38;2;65;64;65m▄[0m[48;2;106;225;142m[38;2;68;117;104m▄[0m[48;2;60;126;109m[38;2;106;218;135m▄[0m[48;2;60;126;109m[38;2;106;218;135m▄[0m[48;2;86;127;109m[38;2;115;225;144m▄[0m[48;2;172;250;163m[38;2;57;119;99m▄[0m[48;2;180;250;159m[38;2;57;127;108m▄[0m[48;2;60;123;106m[38;2;0;0;0m▄[0m[38;2;0;0;0m▀[0m  
        [38;2;0;6;8m▄[0m[48;2;0;0;0m[38;2;106;225;139m▄[0m[48;2;65;241;159m[38;2;57;74;71m▄[0m[48;2;78;134;143m[38;2;117;129;117m▄[0m[48;2;254;255;253m[38;2;119;136;111m▄[0m[48;2;196;213;188m[38;2;185;202;177m▄[0m[48;2;118;135;110m[38;2;188;205;180m▄[0m[48;2;255;255;255m[38;2;111;128;103m▄[0m[48;2;255;255;255m[38;2;65;64;65m▄[0m[48;2;255;255;255m[38;2;65;64;65m▄[0m[48;2;255;255;255m[38;2;57;74;71m▄[0m[48;2;255;255;255m[38;2;57;74;71m▄[0m[48;2;49;74;70m[38;2;60;117;102m▄[0m[48;2;68;126;110m[38;2;38;63;57m▄[0m[48;2;46;82;73m[38;2;0;0;0m▄[0m[38;2;8;0;0m▀[0m[38;2;16;12;8m▀[0m[48;2;82;172;149m[38;2;0;0;0m▄[0m[48;2;74;164;141m[38;2;74;164;141m▄[0m[48;2;74;164;141m[38;2;74;164;141m▄[0m[48;2;180;250;159m[38;2;180;250;159m▄[0m[48;2;74;164;141m[38;2;180;250;159m▄[0m[48;2;71;169;142m[38;2;79;164;141m▄[0m[48;2;65;64;65m[38;2;43;82;73m▄[0m[48;2;57;123;103m[38;2;0;0;0m▄[0m[48;2;57;123;103m[38;2;0;0;0m▄[0m[48;2;57;119;99m[38;2;0;0;0m▄[0m[38;2;0;8;6m▀[0m[38;2;0;0;0m▀[0m    
      [38;2;0;0;0m▄[0m[48;2;0;0;0m[38;2;106;218;135m▄[0m[48;2;106;225;139m[38;2;74;128;139m▄[0m[48;2;53;119;98m[38;2;57;123;104m▄[0m[48;2;87;97;91m[38;2;60;126;109m▄[0m[48;2;57;74;71m[38;2;65;64;65m▄[0m[48;2;185;202;177m[38;2;185;202;177m▄[0m[48;2;119;136;111m[38;2;185;202;177m▄[0m[48;2;188;205;180m[38;2;65;64;65m▄[0m[48;2;82;85;65m[38;2;60;126;109m▄[0m[48;2;74;164;141m[38;2;57;126;107m▄[0m[48;2;74;164;141m[38;2;74;164;141m▄[0m[48;2;180;250;159m[38;2;74;164;141m▄[0m[48;2;98;134;118m[38;2;180;250;159m▄[0m[48;2;82;172;149m[38;2;86;135;113m▄[0m[48;2;16;12;8m[38;2;0;12;16m▄[0m   [38;2;0;0;0m▀[0m[48;2;74;164;141m[38;2;0;6;8m▄[0m[48;2;78;134;143m[38;2;119;131;126m▄[0m[48;2;71;167;139m[38;2;74;164;141m▄[0m[48;2;180;250;159m[38;2;74;164;141m▄[0m[48;2;79;164;141m[38;2;84;104;112m▄[0m[48;2;8;0;0m[38;2;0;30;41m▄[0m         
      [48;2;0;0;0m[38;2;0;0;0m▄[0m[48;2;106;218;135m[38;2;65;116;126m▄[0m[48;2;68;132;134m[38;2;185;202;177m▄[0m[48;2;57;123;104m[38;2;65;114;123m▄[0m[48;2;60;126;109m[38;2;93;99;102m▄[0m[48;2;60;126;109m[38;2;0;6;8m▄[0m[38;2;0;0;0m▀[0m[48;2;185;202;177m[38;2;0;0;0m▄[0m[48;2;65;64;65m[38;2;0;0;0m▄[0m[48;2;60;126;109m[38;2;0;0;0m▄[0m[48;2;57;126;107m[38;2;82;101;98m▄[0m[48;2;57;126;107m[38;2;82;101;98m▄[0m[48;2;74;164;141m[38;2;74;164;141m▄[0m[48;2;180;250;159m[38;2;74;164;141m▄[0m[48;2;172;250;154m[38;2;234;251;226m▄[0m[48;2;86;135;113m[38;2;79;135;145m▄[0m[48;2;0;0;0m[38;2;0;0;0m▄[0m   [48;2;0;6;8m[38;2;0;0;0m▄[0m[48;2;243;255;237m[38;2;255;255;255m▄[0m[48;2;78;134;143m[38;2;78;134;143m▄[0m[48;2;74;164;141m[38;2;74;164;141m▄[0m[48;2;84;104;112m[38;2;74;139;148m▄[0m[48;2;255;255;255m[38;2;255;255;255m▄[0m[48;2;0;0;0m[38;2;0;0;0m▄[0m        
     [38;2;0;0;0m▄[0m[48;2;0;0;0m[38;2;185;202;177m▄[0m[48;2;65;116;126m[38;2;65;114;123m▄[0m[48;2;185;202;177m[38;2;185;202;177m▄[0m[48;2;185;202;177m[38;2;65;114;123m▄[0m[48;2;181;198;173m[38;2;61;127;120m▄[0m[48;2;0;6;8m[38;2;0;0;0m▄[0m    [48;2;0;24;22m[38;2;0;0;0m▄[0m[48;2;246;255;248m[38;2;255;255;255m▄[0m[48;2;78;134;143m[38;2;78;134;143m▄[0m[48;2;74;164;141m[38;2;74;164;141m▄[0m[48;2;79;135;145m[38;2;74;139;148m▄[0m[48;2;234;251;226m[38;2;255;255;255m▄[0m[48;2;0;0;0m[38;2;0;0;0m▄[0m   [48;2;0;0;0m[38;2;0;4;0m▄[0m[48;2;255;255;255m[38;2;255;255;255m▄[0m[48;2;78;134;143m[38;2;74;139;148m▄[0m[48;2;78;134;143m[38;2;255;255;255m▄[0m[48;2;74;139;148m[38;2;74;132;139m▄[0m[48;2;255;255;255m[38;2;252;255;250m▄[0m[48;2;0;0;0m[38;2;0;0;0m▄[0m        
     [48;2;0;0;0m[38;2;0;0;0m▄[0m[48;2;185;202;177m[38;2;181;198;173m▄[0m[48;2;65;114;123m[38;2;93;99;102m▄[0m[48;2;185;202;177m[38;2;181;198;173m▄[0m[48;2;65;114;123m[38;2;93;99;102m▄[0m[48;2;61;127;120m[38;2;0;0;0m▄[0m[38;2;0;0;0m▀[0m    [48;2;0;0;0m[38;2;0;4;0m▄[0m[48;2;255;255;255m[38;2;255;255;255m▄[0m[48;2;78;134;143m[38;2;74;139;148m▄[0m[48;2;78;134;143m[38;2;255;255;255m▄[0m[48;2;74;139;148m[38;2;74;132;139m▄[0m[48;2;255;255;255m[38;2;252;255;250m▄[0m[48;2;0;0;0m[38;2;0;0;0m▄[0m   [38;2;0;4;0m▀[0m[48;2;161;178;153m[38;2;0;0;0m▄[0m[48;2;74;139;148m[38;2;0;0;0m▄[0m[48;2;255;255;255m[38;2;255;255;255m▄[0m[48;2;74;132;139m[38;2;0;0;0m▄[0m[48;2;193;210;185m[38;2;0;0;0m▄[0m[38;2;0;0;0m▀[0m        
      [38;2;0;6;8m▀[0m[38;2;0;6;8m▀[0m[38;2;0;6;8m▀[0m[38;2;0;6;8m▀[0m      [38;2;0;4;0m▀[0m[48;2;161;178;153m[38;2;0;0;0m▄[0m[48;2;74;139;148m[38;2;0;0;0m▄[0m[48;2;255;255;255m[38;2;255;255;255m▄[0m[48;2;74;132;139m[38;2;0;0;0m▄[0m[48;2;193;210;185m[38;2;0;0;0m▄[0m[38;2;0;0;0m▀[0m      [38;2;0;0;0m▀[0m           
                   [38;2;0;0;0m▀[0m                     
