Darkrai
              [38;2;0;0;0m▄[0m[38;2;0;0;0m▄[0m   [38;2;0;0;0m▄[0m[38;2;0;0;0m▄[0m[48;2;0;0;0m[38;2;189;189;189m▄[0m[48;2;0;0;0m[38;2;0;0;0m▄[0m        
    [38;2;0;0;0m▄[0m[38;2;0;0;0m▄[0m[38;2;0;0;0m▀[0m     [38;2;0;0;0m▄[0m[48;2;0;0;0m[38;2;255;255;255m▄[0m[48;2;255;255;255m[38;2;255;255;255m▄[0m[48;2;255;255;255m[38;2;255;255;255m▄[0m[48;2;0;0;0m[38;2;255;255;255m▄[0m[48;2;0;0;0m[38;2;189;189;189m▄[0m[48;2;0;0;0m[38;2;189;189;189m▄[0m[48;2;189;189;189m[38;2;189;189;189m▄[0m[48;2;189;189;189m[38;2;189;189;189m▄[0m[48;2;0;0;0m[38;2;0;0;0m▄[0m         
  [38;2;0;0;0m▄[0m[48;2;0;0;0m[38;2;43;10;76m▄[0m[48;2;43;10;76m[38;2;0;0;0m▄[0m[38;2;0;0;0m▀[0m     [38;2;0;0;0m▄[0m[48;2;0;0;0m[38;2;255;255;255m▄[0m[48;2;255;255;255m[38;2;255;255;255m▄[0m[48;2;255;255;255m[38;2;255;255;255m▄[0m[48;2;255;255;255m[38;2;255;255;255m▄[0m[48;2;255;255;255m[38;2;0;0;0m▄[0m[38;2;0;0;0m▀[0m[48;2;189;189;189m[38;2;0;0;0m▄[0m[48;2;189;189;189m[38;2;0;0;0m▄[0m[38;2;0;0;0m▀[0m         [38;2;0;0;0m▄[0m
  [38;2;0;0;0m▀[0m[48;2;43;10;76m[38;2;0;0;0m▄[0m[48;2;43;10;76m[38;2;43;10;76m▄[0m[48;2;0;0;0m[38;2;43;10;76m▄[0m[38;2;0;0;0m▄[0m [38;2;0;0;0m▄[0m[48;2;0;0;0m[38;2;255;255;255m▄[0m[48;2;0;0;0m[38;2;255;255;255m▄[0m[48;2;255;255;255m[38;2;255;255;255m▄[0m[48;2;255;255;255m[38;2;255;255;255m▄[0m[48;2;255;255;255m[38;2;255;255;255m▄[0m[48;2;255;255;255m[38;2;189;189;189m▄[0m[48;2;255;255;255m[38;2;0;0;0m▄[0m[38;2;0;0;0m▀[0m         [38;2;0;0;0m▄[0m[48;2;0;0;0m[38;2;43;10;76m▄[0m[38;2;0;0;0m▄[0m[48;2;0;0;0m[38;2;0;0;0m▄[0m[38;2;0;0;0m▀[0m
    [48;2;0;0;0m[38;2;0;0;0m▄[0m[48;2;43;10;76m[38;2;43;10;76m▄[0m[48;2;43;10;76m[38;2;43;10;76m▄[0m[48;2;0;0;0m[38;2;43;10;76m▄[0m[48;2;255;255;255m[38;2;255;255;255m▄[0m[48;2;255;255;255m[38;2;255;255;255m▄[0m[48;2;255;255;255m[38;2;255;255;255m▄[0m[48;2;255;255;255m[38;2;255;255;255m▄[0m[48;2;255;255;255m[38;2;255;255;255m▄[0m[48;2;189;189;189m[38;2;189;189;189m▄[0m[48;2;0;0;0m[38;2;0;0;0m▄[0m          [38;2;0;0;0m▄[0m[48;2;0;0;0m[38;2;43;10;76m▄[0m[48;2;43;10;76m[38;2;43;10;76m▄[0m[48;2;43;10;76m[38;2;43;10;76m▄[0m[48;2;0;0;0m[38;2;0;0;0m▄[0m 
   [48;2;0;0;0m[38;2;0;0;0m▄[0m[48;2;43;10;76m[38;2;43;10;76m▄[0m[48;2;43;10;76m[38;2;43;10;76m▄[0m[48;2;43;10;76m[38;2;43;10;76m▄[0m[48;2;255;255;255m[38;2;255;255;255m▄[0m[48;2;255;255;255m[38;2;255;255;255m▄[0m[48;2;255;255;255m[38;2;255;255;255m▄[0m[48;2;255;255;255m[38;2;255;255;255m▄[0m[48;2;255;255;255m[38;2;255;255;255m▄[0m[48;2;189;189;189m[38;2;43;10;76m▄[0m[48;2;189;189;189m[38;2;189;189;189m▄[0m[48;2;43;10;76m[38;2;189;189;189m▄[0m[48;2;0;0;0m[38;2;85;0;41m▄[0m[38;2;0;0;0m▄[0m   [38;2;0;0;0m▄[0m[48;2;0;0;0m[38;2;43;10;76m▄[0m[48;2;0;0;0m[38;2;68;9;144m▄[0m[48;2;0;0;0m[38;2;68;9;144m▄[0m[38;2;0;0;0m▄[0m[48;2;0;0;0m[38;2;43;10;76m▄[0m[48;2;43;10;76m[38;2;0;0;0m▄[0m[38;2;0;0;0m▀[0m[38;2;0;0;0m▀[0m  
   [48;2;0;0;0m[38;2;0;0;0m▄[0m[48;2;43;10;76m[38;2;43;10;76m▄[0m[48;2;43;10;76m[38;2;43;10;76m▄[0m[48;2;43;10;76m[38;2;85;0;41m▄[0m[48;2;43;10;76m[38;2;43;10;76m▄[0m[48;2;255;255;255m[38;2;189;189;189m▄[0m[48;2;255;255;255m[38;2;189;189;189m▄[0m[48;2;189;189;189m[38;2;43;10;76m▄[0m[48;2;43;10;76m[38;2;255;255;255m▄[0m[48;2;90;197;189m[38;2;66;156;140m▄[0m[48;2;0;0;0m[38;2;0;0;0m▄[0m[48;2;189;189;189m[38;2;85;0;41m▄[0m[48;2;161;25;120m[38;2;161;25;120m▄[0m[48;2;161;25;120m[38;2;43;10;76m▄[0m[48;2;0;0;0m[38;2;68;9;144m▄[0m[48;2;0;0;0m[38;2;68;9;144m▄[0m[38;2;0;0;0m▄[0m[48;2;0;0;0m[38;2;43;10;76m▄[0m[48;2;68;9;144m[38;2;43;10;76m▄[0m[48;2;68;9;144m[38;2;0;0;0m▄[0m[48;2;68;9;144m[38;2;68;9;144m▄[0m[48;2;68;9;144m[38;2;43;10;76m▄[0m[48;2;43;10;76m[38;2;43;10;76m▄[0m[48;2;0;0;0m[38;2;0;0;0m▄[0m    
    [38;2;0;0;0m▀[0m[48;2;43;10;76m[38;2;0;0;0m▄[0m[48;2;161;25;120m[38;2;85;0;41m▄[0m[48;2;161;25;120m[38;2;85;0;41m▄[0m[48;2;43;10;76m[38;2;0;0;0m▄[0m[48;2;189;189;189m[38;2;0;0;0m▄[0m[48;2;43;10;76m[38;2;43;10;76m▄[0m[48;2;0;0;0m[38;2;43;10;76m▄[0m[48;2;0;0;0m[38;2;43;10;76m▄[0m[48;2;254;73;199m[38;2;254;73;199m▄[0m[48;2;254;73;199m[38;2;161;25;120m▄[0m[48;2;43;10;76m[38;2;43;10;76m▄[0m[48;2;68;9;144m[38;2;68;9;144m▄[0m[48;2;68;9;144m[38;2;68;9;144m▄[0m[48;2;68;9;144m[38;2;68;9;144m▄[0m[48;2;68;9;144m[38;2;68;9;144m▄[0m[48;2;68;9;144m[38;2;43;10;76m▄[0m[48;2;0;0;0m[38;2;0;0;0m▄[0m [38;2;0;0;0m▀[0m[38;2;0;0;0m▀[0m[38;2;0;0;0m▀[0m     
    [38;2;0;0;0m▄[0m[48;2;0;0;0m[38;2;43;10;76m▄[0m[48;2;43;10;76m[38;2;43;10;76m▄[0m[48;2;254;73;199m[38;2;85;0;41m▄[0m[48;2;0;0;0m[38;2;254;73;199m▄[0m[48;2;0;0;0m[38;2;85;0;41m▄[0m[48;2;0;0;0m[38;2;0;0;0m▄[0m[48;2;0;0;0m[38;2;254;73;199m▄[0m[48;2;161;25;120m[38;2;254;73;199m▄[0m[48;2;85;0;41m[38;2;161;25;120m▄[0m[48;2;161;25;120m[38;2;161;25;120m▄[0m[48;2;43;10;76m[38;2;43;10;76m▄[0m[48;2;43;10;76m[38;2;43;10;76m▄[0m[48;2;68;9;144m[38;2;43;10;76m▄[0m[48;2;68;9;144m[38;2;43;10;76m▄[0m[48;2;43;10;76m[38;2;43;10;76m▄[0m[48;2;0;0;0m[38;2;0;0;0m▄[0m          
 [38;2;0;0;0m▄[0m[48;2;0;0;0m[38;2;43;10;76m▄[0m[48;2;0;0;0m[38;2;43;10;76m▄[0m[48;2;43;10;76m[38;2;0;0;0m▄[0m[38;2;0;0;0m▀[0m[38;2;0;0;0m▀[0m[48;2;254;73;199m[38;2;0;0;0m▄[0m[48;2;254;73;199m[38;2;254;73;199m▄[0m[48;2;254;73;199m[38;2;161;25;120m▄[0m[48;2;85;0;41m[38;2;161;25;120m▄[0m[48;2;254;73;199m[38;2;161;25;120m▄[0m[48;2;161;25;120m[38;2;161;25;120m▄[0m[48;2;161;25;120m[38;2;43;10;76m▄[0m[48;2;43;10;76m[38;2;43;10;76m▄[0m[48;2;43;10;76m[38;2;43;10;76m▄[0m[48;2;43;10;76m[38;2;0;0;0m▄[0m[38;2;0;0;0m▀[0m[38;2;0;0;0m▀[0m[48;2;43;10;76m[38;2;0;0;0m▄[0m[48;2;43;10;76m[38;2;43;10;76m▄[0m[48;2;0;0;0m[38;2;68;9;144m▄[0m[48;2;0;0;0m[38;2;68;9;144m▄[0m[38;2;0;0;0m▄[0m[38;2;0;0;0m▄[0m[48;2;0;0;0m[38;2;0;0;0m▄[0m[48;2;0;0;0m[38;2;0;0;0m▄[0m[48;2;0;0;0m[38;2;0;0;0m▄[0m[38;2;0;0;0m▄[0m[38;2;0;0;0m▄[0m 
[48;2;0;0;0m[38;2;0;0;0m▄[0m[48;2;43;10;76m[38;2;43;10;76m▄[0m[48;2;43;10;76m[38;2;43;10;76m▄[0m[48;2;43;10;76m[38;2;0;0;0m▄[0m[38;2;0;0;0m▀[0m   [38;2;0;0;0m▀[0m[48;2;161;25;120m[38;2;0;0;0m▄[0m[48;2;161;25;120m[38;2;0;0;0m▄[0m[48;2;43;10;76m[38;2;0;0;0m▄[0m[48;2;43;10;76m[38;2;43;10;76m▄[0m[48;2;43;10;76m[38;2;43;10;76m▄[0m[48;2;43;10;76m[38;2;0;0;0m▄[0m[48;2;0;0;0m[38;2;0;0;0m▄[0m[38;2;0;0;0m▄[0m[38;2;0;0;0m▄[0m[48;2;0;0;0m[38;2;0;0;0m▄[0m[48;2;0;0;0m[38;2;0;0;0m▄[0m[48;2;68;9;144m[38;2;68;9;144m▄[0m[48;2;68;9;144m[38;2;68;9;144m▄[0m[48;2;0;0;0m[38;2;68;9;144m▄[0m[48;2;0;0;0m[38;2;0;0;0m▄[0m[48;2;0;0;0m[38;2;0;0;0m▄[0m[48;2;0;0;0m[38;2;0;0;0m▄[0m[38;2;0;0;0m▀[0m[38;2;0;0;0m▀[0m   
 [38;2;0;0;0m▀[0m[48;2;43;10;76m[38;2;0;0;0m▄[0m[38;2;0;0;0m▀[0m      [38;2;0;0;0m▄[0m[38;2;0;0;0m▄[0m[48;2;0;0;0m[38;2;43;10;76m▄[0m[48;2;43;10;76m[38;2;43;10;76m▄[0m[48;2;43;10;76m[38;2;43;10;76m▄[0m[48;2;43;10;76m[38;2;43;10;76m▄[0m[48;2;0;0;0m[38;2;43;10;76m▄[0m[48;2;0;0;0m[38;2;43;10;76m▄[0m[48;2;0;0;0m[38;2;0;0;0m▄[0m[48;2;0;0;0m[38;2;68;9;144m▄[0m[48;2;68;9;144m[38;2;43;10;76m▄[0m[48;2;68;9;144m[38;2;68;9;144m▄[0m[48;2;0;0;0m[38;2;0;0;0m▄[0m[48;2;0;0;0m[38;2;0;0;0m▄[0m[48;2;0;0;0m[38;2;0;0;0m▄[0m[38;2;0;0;0m▀[0m     
         [48;2;0;0;0m[38;2;0;0;0m▄[0m[48;2;43;10;76m[38;2;43;10;76m▄[0m[48;2;43;10;76m[38;2;0;0;0m▄[0m[48;2;43;10;76m[38;2;43;10;76m▄[0m[48;2;43;10;76m[38;2;43;10;76m▄[0m[48;2;43;10;76m[38;2;43;10;76m▄[0m[48;2;43;10;76m[38;2;43;10;76m▄[0m[48;2;43;10;76m[38;2;43;10;76m▄[0m[48;2;43;10;76m[38;2;0;0;0m▄[0m[48;2;0;0;0m[38;2;43;10;76m▄[0m[48;2;68;9;144m[38;2;0;0;0m▄[0m[38;2;0;0;0m▀[0m[48;2;68;9;144m[38;2;0;0;0m▄[0m[38;2;0;0;0m▀[0m        
          [38;2;0;0;0m▀[0m [38;2;0;0;0m▀[0m[48;2;43;10;76m[38;2;0;0;0m▄[0m[38;2;0;0;0m▀[0m[48;2;43;10;76m[38;2;0;0;0m▄[0m[38;2;0;0;0m▀[0m [38;2;0;0;0m▀[0m            
