Snivy
     [38;2;0;0;0m▄[0m[48;2;0;0;0m[38;2;66;142;148m▄[0m[48;2;0;0;0m[38;2;74;206;174m▄[0m[48;2;0;0;0m[38;2;74;206;174m▄[0m[48;2;0;0;0m[38;2;74;206;174m▄[0m[48;2;0;0;0m[38;2;66;142;148m▄[0m[38;2;0;0;0m▄[0m        
[38;2;0;0;0m▄[0m[38;2;0;0;0m▄[0m[38;2;0;0;0m▄[0m[38;2;0;0;0m▄[0m[48;2;0;0;0m[38;2;66;142;148m▄[0m[48;2;74;206;174m[38;2;74;247;184m▄[0m[48;2;74;206;174m[38;2;74;206;174m▄[0m[48;2;74;206;174m[38;2;74;206;174m▄[0m[48;2;74;206;174m[38;2;74;206;174m▄[0m[48;2;74;206;174m[38;2;74;206;174m▄[0m[48;2;74;206;174m[38;2;74;206;174m▄[0m[48;2;74;206;174m[38;2;74;206;174m▄[0m[48;2;0;0;0m[38;2;66;142;148m▄[0m[38;2;0;0;0m▄[0m      
[48;2;0;0;0m[38;2;0;0;0m▄[0m[48;2;74;206;174m[38;2;211;247;173m▄[0m[48;2;74;206;174m[38;2;66;142;148m▄[0m[48;2;74;206;174m[38;2;74;206;174m▄[0m[48;2;74;206;174m[38;2;74;206;174m▄[0m[48;2;74;206;174m[38;2;74;206;174m▄[0m[48;2;74;206;174m[38;2;74;206;174m▄[0m[48;2;74;206;174m[38;2;247;230;41m▄[0m[48;2;247;230;41m[38;2;247;230;41m▄[0m[48;2;247;230;41m[38;2;247;230;41m▄[0m[48;2;74;206;174m[38;2;247;230;41m▄[0m[48;2;74;206;174m[38;2;74;206;174m▄[0m[48;2;74;206;174m[38;2;74;206;174m▄[0m[48;2;0;0;0m[38;2;0;0;0m▄[0m[38;2;0;0;0m▄[0m[38;2;0;0;0m▄[0m[48;2;0;0;0m[38;2;74;206;174m▄[0m[48;2;0;0;0m[38;2;0;0;0m▄[0m  
 [38;2;0;0;0m▀[0m[48;2;211;247;173m[38;2;0;0;0m▄[0m[48;2;211;247;173m[38;2;165;189;90m▄[0m[48;2;162;214;107m[38;2;211;247;173m▄[0m[48;2;74;206;174m[38;2;211;247;173m▄[0m[48;2;197;82;82m[38;2;211;247;173m▄[0m[48;2;0;0;0m[38;2;0;0;0m▄[0m[48;2;148;74;66m[38;2;197;82;82m▄[0m[48;2;255;255;255m[38;2;255;255;255m▄[0m[48;2;247;230;41m[38;2;247;230;41m▄[0m[48;2;74;206;174m[38;2;74;206;174m▄[0m[48;2;66;142;148m[38;2;0;0;0m▄[0m[48;2;65;65;65m[38;2;65;65;65m▄[0m[48;2;74;206;174m[38;2;74;206;174m▄[0m[48;2;65;65;65m[38;2;74;206;174m▄[0m[48;2;74;206;174m[38;2;74;206;174m▄[0m[48;2;0;0;0m[38;2;65;65;65m▄[0m[48;2;0;0;0m[38;2;74;206;174m▄[0m[48;2;0;0;0m[38;2;0;0;0m▄[0m
   [38;2;0;0;0m▀[0m[38;2;0;0;0m▀[0m[48;2;162;214;107m[38;2;0;0;0m▄[0m[48;2;162;214;107m[38;2;0;0;0m▄[0m[48;2;211;247;173m[38;2;165;189;90m▄[0m[48;2;211;247;173m[38;2;165;189;90m▄[0m[48;2;247;230;41m[38;2;66;142;148m▄[0m[48;2;66;142;148m[38;2;247;230;41m▄[0m[48;2;0;0;0m[38;2;247;230;41m▄[0m[38;2;0;0;0m▄[0m[38;2;0;0;0m▀[0m[48;2;74;206;174m[38;2;0;0;0m▄[0m[48;2;74;206;174m[38;2;247;230;41m▄[0m[48;2;74;206;174m[38;2;74;206;174m▄[0m[48;2;74;206;174m[38;2;74;206;174m▄[0m[48;2;74;206;174m[38;2;66;142;148m▄[0m[48;2;0;0;0m[38;2;0;0;0m▄[0m
    [48;2;0;0;0m[38;2;0;0;0m▄[0m[48;2;74;206;174m[38;2;0;0;0m▄[0m[48;2;65;65;65m[38;2;211;247;173m▄[0m[48;2;211;247;173m[38;2;211;247;173m▄[0m[48;2;165;189;90m[38;2;211;247;173m▄[0m[48;2;247;230;41m[38;2;66;142;148m▄[0m[48;2;66;142;148m[38;2;74;206;174m▄[0m[48;2;165;189;90m[38;2;65;65;65m▄[0m[48;2;247;230;41m[38;2;65;65;65m▄[0m[48;2;0;0;0m[38;2;65;65;65m▄[0m[48;2;0;0;0m[38;2;247;230;41m▄[0m[48;2;247;230;41m[38;2;66;142;148m▄[0m[48;2;74;206;174m[38;2;0;0;0m▄[0m[48;2;66;142;148m[38;2;0;0;0m▄[0m[38;2;0;0;0m▀[0m 
     [48;2;0;0;0m[38;2;0;0;0m▄[0m[48;2;162;214;107m[38;2;165;189;90m▄[0m[48;2;211;247;173m[38;2;162;214;107m▄[0m[48;2;211;247;173m[38;2;162;214;107m▄[0m[48;2;65;65;65m[38;2;74;206;174m▄[0m[48;2;74;247;184m[38;2;65;65;65m▄[0m[48;2;65;65;65m[38;2;65;65;65m▄[0m[48;2;74;206;174m[38;2;74;206;174m▄[0m[48;2;74;206;174m[38;2;74;206;174m▄[0m[48;2;74;206;174m[38;2;0;0;0m▄[0m[38;2;0;0;0m▀[0m    
      [48;2;0;0;0m[38;2;0;0;0m▄[0m[48;2;165;189;90m[38;2;0;0;0m▄[0m[38;2;0;0;0m▀[0m[48;2;162;214;107m[38;2;0;0;0m▄[0m[48;2;74;206;174m[38;2;162;214;107m▄[0m[48;2;74;206;174m[38;2;0;0;0m▄[0m[48;2;66;142;148m[38;2;0;0;0m▄[0m[38;2;0;0;0m▀[0m      
         [38;2;0;0;0m▀[0m[38;2;0;0;0m▀[0m         
