Dewott
       [38;2;0;0;0m▄[0m[38;2;0;0;0m▄[0m[48;2;0;0;0m[38;2;132;214;239m▄[0m[38;2;0;0;0m▄[0m        
   [38;2;0;0;0m▄[0m[38;2;0;0;0m▄[0m[38;2;0;0;0m▄[0m[48;2;0;0;0m[38;2;74;115;140m▄[0m[48;2;132;214;239m[38;2;90;181;197m▄[0m[48;2;65;65;65m[38;2;90;181;197m▄[0m[48;2;132;214;239m[38;2;132;214;239m▄[0m[48;2;0;0;0m[38;2;0;0;0m▄[0m        
  [48;2;0;0;0m[38;2;0;0;0m▄[0m[48;2;132;132;115m[38;2;65;65;65m▄[0m[48;2;65;65;65m[38;2;132;214;239m▄[0m[48;2;132;214;239m[38;2;148;239;255m▄[0m[48;2;132;214;239m[38;2;148;239;255m▄[0m[48;2;132;214;239m[38;2;132;214;239m▄[0m[48;2;132;214;239m[38;2;132;214;239m▄[0m[48;2;90;181;197m[38;2;132;214;239m▄[0m[48;2;74;115;140m[38;2;90;181;197m▄[0m[48;2;0;0;0m[38;2;0;0;0m▄[0m[38;2;0;0;0m▄[0m      
[48;2;0;0;0m[38;2;0;0;0m▄[0m[48;2;0;0;0m[38;2;255;255;255m▄[0m[48;2;65;65;65m[38;2;65;65;65m▄[0m[48;2;132;214;239m[38;2;132;214;239m▄[0m[48;2;132;214;239m[38;2;132;214;239m▄[0m[48;2;148;239;255m[38;2;132;214;239m▄[0m[48;2;148;239;255m[38;2;132;214;239m▄[0m[48;2;132;214;239m[38;2;132;214;239m▄[0m[48;2;132;214;239m[38;2;132;214;239m▄[0m[48;2;132;214;239m[38;2;132;214;239m▄[0m[48;2;132;214;239m[38;2;132;214;239m▄[0m[48;2;132;132;115m[38;2;65;65;65m▄[0m[48;2;132;132;115m[38;2;132;132;115m▄[0m[48;2;0;0;0m[38;2;0;0;0m▄[0m     
 [48;2;0;0;0m[38;2;0;0;0m▄[0m[48;2;132;214;239m[38;2;90;181;197m▄[0m[48;2;65;65;65m[38;2;0;0;0m▄[0m[48;2;132;214;239m[38;2;132;214;239m▄[0m[48;2;132;214;239m[38;2;132;214;239m▄[0m[48;2;132;214;239m[38;2;132;214;239m▄[0m[48;2;132;214;239m[38;2;132;214;239m▄[0m[48;2;132;214;239m[38;2;65;65;65m▄[0m[48;2;74;115;140m[38;2;132;214;239m▄[0m[48;2;132;214;239m[38;2;132;214;239m▄[0m[48;2;132;214;239m[38;2;132;214;239m▄[0m[48;2;65;65;65m[38;2;74;115;140m▄[0m[48;2;0;0;0m[38;2;255;255;255m▄[0m[48;2;0;0;0m[38;2;0;0;0m▄[0m    
[48;2;0;0;0m[38;2;0;0;0m▄[0m[48;2;255;255;255m[38;2;0;0;0m▄[0m[38;2;0;0;0m▀[0m[48;2;90;181;197m[38;2;0;0;0m▄[0m[48;2;239;132;107m[38;2;90;181;197m▄[0m[48;2;214;99;66m[38;2;74;115;140m▄[0m[48;2;132;214;239m[38;2;65;65;65m▄[0m[48;2;132;214;239m[38;2;132;214;239m▄[0m[48;2;0;0;0m[38;2;132;214;239m▄[0m[48;2;132;214;239m[38;2;90;181;197m▄[0m[48;2;132;214;239m[38;2;74;115;140m▄[0m[48;2;74;115;140m[38;2;255;255;255m▄[0m[48;2;255;255;255m[38;2;0;0;0m▄[0m[38;2;0;0;0m▀[0m     
  [38;2;0;0;0m▄[0m[38;2;0;0;0m▄[0m[48;2;0;0;0m[38;2;132;214;239m▄[0m[48;2;65;65;65m[38;2;132;214;239m▄[0m[48;2;90;181;197m[38;2;90;181;197m▄[0m[48;2;65;65;65m[38;2;132;214;239m▄[0m[48;2;90;181;197m[38;2;132;214;239m▄[0m[48;2;65;65;65m[38;2;74;115;140m▄[0m[48;2;0;0;0m[38;2;0;0;0m▄[0m[38;2;0;0;0m▀[0m[48;2;255;255;255m[38;2;0;0;0m▄[0m[48;2;0;0;0m[38;2;0;0;0m▄[0m     
 [38;2;0;0;0m▀[0m[48;2;132;132;115m[38;2;0;0;0m▄[0m[48;2;132;132;115m[38;2;65;65;65m▄[0m[48;2;49;90;156m[38;2;74;123;222m▄[0m[48;2;74;115;140m[38;2;74;123;222m▄[0m[48;2;132;214;239m[38;2;132;214;239m▄[0m[48;2;132;214;239m[38;2;132;214;239m▄[0m[48;2;132;214;239m[38;2;49;90;156m▄[0m[48;2;132;214;239m[38;2;49;90;156m▄[0m[48;2;132;214;239m[38;2;132;214;239m▄[0m[48;2;0;0;0m[38;2;132;214;239m▄[0m[48;2;0;0;0m[38;2;132;214;239m▄[0m[38;2;0;0;0m▄[0m [38;2;0;0;0m▄[0m[38;2;0;0;0m▄[0m[38;2;0;0;0m▄[0m 
  [38;2;0;0;0m▄[0m[48;2;0;0;0m[38;2;255;230;148m▄[0m[48;2;255;230;148m[38;2;206;181;99m▄[0m[48;2;74;123;222m[38;2;74;123;222m▄[0m[48;2;132;214;239m[38;2;74;123;222m▄[0m[48;2;49;90;156m[38;2;74;123;222m▄[0m[48;2;74;123;222m[38;2;74;123;222m▄[0m[48;2;74;123;222m[38;2;74;123;222m▄[0m[48;2;49;90;156m[38;2;255;230;148m▄[0m[48;2;49;90;156m[38;2;74;123;222m▄[0m[48;2;132;132;115m[38;2;65;65;65m▄[0m[48;2;132;132;115m[38;2;65;65;65m▄[0m[48;2;0;0;0m[38;2;132;132;115m▄[0m[48;2;132;132;115m[38;2;132;132;115m▄[0m[48;2;132;132;115m[38;2;132;132;115m▄[0m[48;2;132;132;115m[38;2;132;132;115m▄[0m[48;2;0;0;0m[38;2;0;0;0m▄[0m
 [38;2;0;0;0m▄[0m[48;2;0;0;0m[38;2;132;132;115m▄[0m[48;2;74;123;222m[38;2;65;65;65m▄[0m[48;2;74;123;222m[38;2;0;0;0m▄[0m[48;2;74;123;222m[38;2;90;181;197m▄[0m[48;2;74;123;222m[38;2;90;181;197m▄[0m[48;2;74;123;222m[38;2;90;181;197m▄[0m[48;2;74;123;222m[38;2;74;123;222m▄[0m[48;2;206;181;99m[38;2;74;123;222m▄[0m[48;2;206;181;99m[38;2;255;230;148m▄[0m[48;2;255;230;148m[38;2;255;230;148m▄[0m[48;2;74;123;222m[38;2;74;123;222m▄[0m[48;2;65;65;65m[38;2;74;123;222m▄[0m[48;2;65;65;65m[38;2;0;0;0m▄[0m[48;2;132;132;115m[38;2;0;0;0m▄[0m[48;2;132;132;115m[38;2;0;0;0m▄[0m[38;2;0;0;0m▀[0m 
 [38;2;0;0;0m▀[0m[38;2;0;0;0m▀[0m[38;2;0;0;0m▀[0m [38;2;0;0;0m▀[0m[38;2;0;0;0m▀[0m[38;2;0;0;0m▀[0m[48;2;90;181;197m[38;2;0;0;0m▄[0m[48;2;90;181;197m[38;2;0;0;0m▄[0m[48;2;74;123;222m[38;2;0;0;0m▄[0m[48;2;74;123;222m[38;2;132;132;115m▄[0m[48;2;74;123;222m[38;2;65;65;65m▄[0m[48;2;65;65;65m[38;2;0;0;0m▄[0m[38;2;0;0;0m▀[0m    
          [38;2;0;0;0m▀[0m[38;2;0;0;0m▀[0m[38;2;0;0;0m▀[0m      
