Lillipup
    [38;2;0;0;0m▄[0m[48;2;0;0;0m[38;2;214;140;90m▄[0m[38;2;0;0;0m▄[0m           
   [48;2;0;0;0m[38;2;0;0;0m▄[0m[48;2;214;140;90m[38;2;173;99;82m▄[0m[48;2;214;140;90m[38;2;214;140;90m▄[0m[48;2;0;0;0m[38;2;214;140;90m▄[0m[38;2;0;0;0m▄[0m  [38;2;0;0;0m▄[0m[38;2;0;0;0m▄[0m[48;2;0;0;0m[38;2;214;140;90m▄[0m[38;2;0;0;0m▄[0m    
 [38;2;0;0;0m▄[0m[48;2;0;0;0m[38;2;0;0;0m▄[0m[48;2;65;65;65m[38;2;173;99;82m▄[0m[48;2;173;99;82m[38;2;173;99;82m▄[0m[48;2;214;140;90m[38;2;65;65;65m▄[0m[48;2;65;65;65m[38;2;247;214;148m▄[0m[48;2;0;0;0m[38;2;65;65;65m▄[0m[38;2;0;0;0m▄[0m[48;2;0;0;0m[38;2;214;140;90m▄[0m[48;2;214;140;90m[38;2;214;140;90m▄[0m[48;2;214;140;90m[38;2;173;99;82m▄[0m[48;2;214;140;90m[38;2;214;140;90m▄[0m[48;2;0;0;0m[38;2;0;0;0m▄[0m    
[38;2;0;0;0m▄[0m[48;2;0;0;0m[38;2;173;140;74m▄[0m[48;2;247;214;148m[38;2;247;214;148m▄[0m[48;2;65;65;65m[38;2;247;214;148m▄[0m[48;2;65;65;65m[38;2;173;140;74m▄[0m[48;2;247;214;148m[38;2;247;214;148m▄[0m[48;2;247;214;148m[38;2;247;214;148m▄[0m[48;2;65;65;65m[38;2;173;140;74m▄[0m[48;2;65;65;65m[38;2;206;173;99m▄[0m[48;2;65;65;65m[38;2;247;214;148m▄[0m[48;2;65;65;65m[38;2;65;65;65m▄[0m[48;2;173;99;82m[38;2;173;99;82m▄[0m[48;2;0;0;0m[38;2;214;140;90m▄[0m[38;2;0;0;0m▄[0m [38;2;0;0;0m▄[0m[48;2;0;0;0m[38;2;214;140;90m▄[0m[48;2;0;0;0m[38;2;0;0;0m▄[0m
[38;2;0;0;0m▀[0m[48;2;255;255;255m[38;2;0;0;0m▄[0m[48;2;206;173;99m[38;2;255;255;255m▄[0m[48;2;247;214;148m[38;2;247;214;148m▄[0m[48;2;247;214;148m[38;2;247;214;148m▄[0m[48;2;247;214;148m[38;2;247;214;148m▄[0m[48;2;206;173;99m[38;2;247;214;148m▄[0m[48;2;247;214;148m[38;2;247;214;148m▄[0m[48;2;247;214;148m[38;2;206;173;99m▄[0m[48;2;247;214;148m[38;2;65;65;65m▄[0m[48;2;65;65;65m[38;2;173;99;82m▄[0m[48;2;173;99;82m[38;2;65;65;65m▄[0m[48;2;0;0;0m[38;2;65;65;65m▄[0m[38;2;0;0;0m▄[0m[48;2;0;0;0m[38;2;65;65;65m▄[0m[48;2;214;140;90m[38;2;214;140;90m▄[0m[48;2;214;140;90m[38;2;0;0;0m▄[0m[38;2;0;0;0m▀[0m
[38;2;0;0;0m▄[0m[48;2;0;0;0m[38;2;255;255;255m▄[0m[48;2;255;255;255m[38;2;247;214;148m▄[0m[48;2;247;214;148m[38;2;247;214;148m▄[0m[48;2;247;214;148m[38;2;247;214;148m▄[0m[48;2;255;255;255m[38;2;65;65;65m▄[0m[48;2;247;214;148m[38;2;255;255;255m▄[0m[48;2;247;214;148m[38;2;247;214;148m▄[0m[48;2;247;214;148m[38;2;206;173;99m▄[0m[48;2;247;214;148m[38;2;65;65;65m▄[0m[48;2;65;65;65m[38;2;214;140;90m▄[0m[48;2;107;107;140m[38;2;107;107;140m▄[0m[48;2;107;107;140m[38;2;107;107;140m▄[0m[48;2;214;140;90m[38;2;107;107;140m▄[0m[48;2;65;65;65m[38;2;214;140;90m▄[0m[48;2;173;99;82m[38;2;0;0;0m▄[0m[48;2;214;140;90m[38;2;0;0;0m▄[0m[38;2;0;0;0m▀[0m
[38;2;0;0;0m▀[0m[48;2;206;173;99m[38;2;0;0;0m▄[0m[48;2;247;99;82m[38;2;206;173;99m▄[0m[48;2;197;58;49m[38;2;247;214;148m▄[0m[48;2;247;214;148m[38;2;247;214;148m▄[0m[48;2;0;0;0m[38;2;255;255;255m▄[0m[48;2;255;255;255m[38;2;206;173;99m▄[0m[48;2;247;214;148m[38;2;206;173;99m▄[0m[48;2;247;214;148m[38;2;247;214;148m▄[0m[48;2;173;140;74m[38;2;247;214;148m▄[0m[48;2;65;65;65m[38;2;65;65;65m▄[0m[48;2;214;140;90m[38;2;214;140;90m▄[0m[48;2;107;107;140m[38;2;214;140;90m▄[0m[48;2;214;140;90m[38;2;214;140;90m▄[0m[48;2;214;140;90m[38;2;173;99;82m▄[0m[48;2;0;0;0m[38;2;0;0;0m▄[0m  
  [48;2;0;0;0m[38;2;0;0;0m▄[0m[48;2;206;173;99m[38;2;0;0;0m▄[0m[48;2;65;65;65m[38;2;173;99;82m▄[0m[48;2;206;173;99m[38;2;65;65;65m▄[0m[48;2;206;173;99m[38;2;0;0;0m▄[0m[48;2;206;173;99m[38;2;206;173;99m▄[0m[48;2;65;65;65m[38;2;0;0;0m▄[0m[48;2;65;65;65m[38;2;173;99;82m▄[0m[48;2;214;140;90m[38;2;214;140;90m▄[0m[48;2;214;140;90m[38;2;0;0;0m▄[0m[38;2;0;0;0m▀[0m[48;2;173;99;82m[38;2;0;0;0m▄[0m[48;2;0;0;0m[38;2;0;0;0m▄[0m   
    [38;2;0;0;0m▀[0m[38;2;0;0;0m▀[0m [38;2;0;0;0m▀[0m [48;2;0;0;0m[38;2;0;0;0m▄[0m[48;2;173;99;82m[38;2;0;0;0m▄[0m[38;2;0;0;0m▀[0m      
