Liepard
                        [48;2;0;0;0m[38;2;0;0;0m▄[0m[48;2;0;0;0m[38;2;156;54;83m▄[0m[38;2;0;0;0m▄[0m      
                         [48;2;0;0;0m[38;2;0;0;0m▄[0m[48;2;156;54;83m[38;2;165;48;78m▄[0m[48;2;0;0;0m[38;2;165;48;78m▄[0m[38;2;0;8;0m▄[0m[48;2;0;0;0m[38;2;76;41;53m▄[0m[48;2;0;0;0m[38;2;165;48;78m▄[0m[38;2;0;0;0m▄[0m 
                        [38;2;0;0;0m▄[0m[38;2;0;0;0m▄[0m[48;2;0;0;0m[38;2;66;65;66m▄[0m[48;2;165;48;78m[38;2;162;48;78m▄[0m[48;2;151;64;89m[38;2;161;50;80m▄[0m[48;2;76;41;53m[38;2;161;50;80m▄[0m[48;2;165;48;78m[38;2;165;48;78m▄[0m[48;2;0;0;0m[38;2;0;0;0m▄[0m 
                      [48;2;0;0;0m[38;2;7;3;0m▄[0m[48;2;0;0;0m[38;2;166;48;77m▄[0m[48;2;165;48;78m[38;2;132;39;51m▄[0m[48;2;165;48;78m[38;2;0;0;0m▄[0m[48;2;162;48;78m[38;2;0;0;0m▄[0m[48;2;162;48;78m[38;2;156;54;83m▄[0m[48;2;161;50;80m[38;2;161;50;80m▄[0m[48;2;161;50;80m[38;2;161;50;80m▄[0m[48;2;165;48;78m[38;2;161;50;80m▄[0m[48;2;165;48;78m[38;2;161;50;80m▄[0m[48;2;0;0;0m[38;2;0;0;0m▄[0m
  [38;2;0;0;0m▄[0m[48;2;0;0;0m[38;2;132;39;51m▄[0m[38;2;0;0;0m▄[0m          [38;2;0;0;0m▄[0m[38;2;0;0;0m▄[0m    [48;2;0;0;0m[38;2;0;0;0m▄[0m[48;2;166;48;77m[38;2;165;48;78m▄[0m[48;2;117;36;59m[38;2;0;0;0m▄[0m[38;2;0;0;0m▀[0m  [38;2;0;0;0m▀[0m[48;2;161;50;80m[38;2;0;0;0m▄[0m[48;2;161;50;80m[38;2;165;48;78m▄[0m[48;2;161;50;80m[38;2;162;48;78m▄[0m[48;2;161;50;80m[38;2;162;48;78m▄[0m[48;2;0;0;0m[38;2;0;0;0m▄[0m
 [48;2;0;0;0m[38;2;0;0;0m▄[0m[48;2;132;39;51m[38;2;133;38;50m▄[0m[48;2;132;39;51m[38;2;133;38;50m▄[0m[48;2;132;39;51m[38;2;133;38;50m▄[0m[48;2;0;0;0m[38;2;133;38;50m▄[0m[38;2;0;0;0m▄[0m[38;2;0;0;0m▄[0m[38;2;0;0;0m▄[0m[38;2;0;0;0m▄[0m [38;2;0;0;0m▄[0m[38;2;0;0;0m▄[0m[48;2;0;0;0m[38;2;165;48;78m▄[0m[48;2;0;0;0m[38;2;162;48;78m▄[0m[48;2;156;54;83m[38;2;162;48;78m▄[0m[48;2;156;54;83m[38;2;0;0;0m▄[0m[38;2;0;0;0m▀[0m   [48;2;0;0;0m[38;2;0;0;0m▄[0m[48;2;165;48;78m[38;2;165;48;78m▄[0m[48;2;0;0;0m[38;2;0;0;0m▄[0m    [38;2;0;0;0m▀[0m[48;2;165;48;78m[38;2;0;0;0m▄[0m[48;2;162;48;78m[38;2;133;38;50m▄[0m[48;2;137;36;48m[38;2;133;38;50m▄[0m[48;2;0;0;0m[38;2;0;0;0m▄[0m
[48;2;0;0;0m[38;2;0;0;0m▄[0m[48;2;132;39;51m[38;2;239;96;188m▄[0m[48;2;133;38;50m[38;2;136;38;55m▄[0m[48;2;133;38;50m[38;2;136;38;55m▄[0m[48;2;133;38;50m[38;2;161;50;80m▄[0m[48;2;133;38;50m[38;2;161;50;80m▄[0m[48;2;165;48;78m[38;2;161;50;80m▄[0m[48;2;165;48;78m[38;2;161;50;80m▄[0m[48;2;165;48;78m[38;2;161;50;80m▄[0m[48;2;165;48;78m[38;2;161;50;80m▄[0m[48;2;0;0;0m[38;2;162;48;78m▄[0m[48;2;156;54;83m[38;2;162;48;78m▄[0m[48;2;165;48;78m[38;2;239;99;186m▄[0m[48;2;165;48;78m[38;2;239;99;186m▄[0m[48;2;239;96;188m[38;2;165;48;78m▄[0m[48;2;162;48;78m[38;2;0;0;0m▄[0m[38;2;0;0;0m▀[0m    [38;2;0;0;0m▀[0m[48;2;165;48;78m[38;2;0;0;0m▄[0m[48;2;0;0;0m[38;2;156;54;83m▄[0m[38;2;0;0;0m▄[0m    [48;2;0;0;0m[38;2;0;0;0m▄[0m[48;2;133;38;50m[38;2;132;39;51m▄[0m[48;2;133;38;50m[38;2;0;0;0m▄[0m[38;2;0;0;0m▀[0m
[48;2;0;0;0m[38;2;0;0;0m▄[0m[48;2;239;96;188m[38;2;239;96;188m▄[0m[48;2;136;38;55m[38;2;216;83;154m▄[0m[48;2;243;203;86m[38;2;244;203;93m▄[0m[48;2;161;50;80m[38;2;159;54;86m▄[0m[48;2;161;50;80m[38;2;243;203;86m▄[0m[48;2;161;50;80m[38;2;162;48;78m▄[0m[48;2;161;50;80m[38;2;239;96;188m▄[0m[48;2;161;50;80m[38;2;239;99;186m▄[0m[48;2;161;50;80m[38;2;239;99;186m▄[0m[48;2;239;96;188m[38;2;239;96;188m▄[0m[48;2;239;96;188m[38;2;239;96;188m▄[0m[48;2;239;99;186m[38;2;239;96;188m▄[0m[48;2;239;99;186m[38;2;162;48;78m▄[0m[48;2;165;48;78m[38;2;0;0;0m▄[0m[38;2;0;0;0m▀[0m       [48;2;0;0;0m[38;2;0;0;0m▄[0m[48;2;156;54;83m[38;2;165;48;78m▄[0m[48;2;0;0;0m[38;2;0;0;0m▄[0m  [38;2;0;0;0m▄[0m[48;2;0;0;0m[38;2;132;39;51m▄[0m[48;2;132;39;51m[38;2;0;0;0m▄[0m[38;2;0;0;0m▀[0m 
 [48;2;0;0;0m[38;2;0;0;0m▄[0m[48;2;216;83;154m[38;2;239;96;188m▄[0m[48;2;215;29;52m[38;2;162;48;78m▄[0m[48;2;159;54;86m[38;2;162;48;78m▄[0m[48;2;243;203;86m[38;2;239;96;188m▄[0m[48;2;239;96;188m[38;2;240;101;188m▄[0m[48;2;239;96;188m[38;2;240;101;188m▄[0m[48;2;239;99;186m[38;2;67;80;58m▄[0m[48;2;239;99;186m[38;2;67;80;58m▄[0m[48;2;93;97;93m[38;2;189;71;136m▄[0m[48;2;239;96;188m[38;2;239;96;188m▄[0m[48;2;239;96;188m[38;2;167;47;77m▄[0m[48;2;162;48;78m[38;2;118;51;70m▄[0m[48;2;0;0;0m[38;2;0;0;0m▄[0m         [48;2;0;0;0m[38;2;0;0;0m▄[0m[48;2;165;48;78m[38;2;132;39;51m▄[0m[48;2;0;0;0m[38;2;0;0;0m▄[0m [38;2;0;0;0m▀[0m[38;2;0;0;0m▀[0m   
[48;2;0;0;0m[38;2;0;0;0m▄[0m[48;2;156;54;83m[38;2;239;96;188m▄[0m[48;2;162;48;78m[38;2;162;48;78m▄[0m[48;2;162;48;78m[38;2;162;48;78m▄[0m[48;2;162;48;78m[38;2;225;120;202m▄[0m[48;2;239;96;188m[38;2;227;19;25m▄[0m[48;2;82;52;60m[38;2;136;145;109m▄[0m[48;2;0;8;8m[38;2;0;0;0m▄[0m[48;2;126;138;120m[38;2;150;128;113m▄[0m[48;2;247;255;247m[38;2;255;255;255m▄[0m[48;2;189;71;136m[38;2;162;118;89m▄[0m[48;2;239;96;188m[38;2;79;39;64m▄[0m[48;2;167;47;77m[38;2;66;65;66m▄[0m[48;2;74;65;66m[38;2;66;65;66m▄[0m[48;2;0;0;0m[38;2;243;203;86m▄[0m[38;2;0;0;0m▄[0m       [38;2;0;0;0m▄[0m[48;2;0;0;0m[38;2;132;39;51m▄[0m[48;2;132;39;51m[38;2;0;0;0m▄[0m[38;2;0;0;0m▀[0m      
 [38;2;0;0;0m▀[0m[48;2;239;96;188m[38;2;0;0;0m▄[0m[48;2;239;96;188m[38;2;182;145;77m▄[0m[48;2;243;206;87m[38;2;182;145;77m▄[0m[48;2;243;206;87m[38;2;182;145;77m▄[0m[48;2;136;145;109m[38;2;99;97;99m▄[0m[48;2;136;145;109m[38;2;185;144;76m▄[0m[48;2;255;255;255m[38;2;186;145;77m▄[0m[48;2;150;128;113m[38;2;186;145;77m▄[0m[48;2;79;39;64m[38;2;243;203;86m▄[0m[48;2;248;183;101m[38;2;66;65;66m▄[0m[48;2;243;203;86m[38;2;82;68;37m▄[0m[48;2;243;203;86m[38;2;0;0;16m▄[0m[38;2;0;0;0m▀[0m  [38;2;0;0;0m▄[0m[48;2;0;0;0m[38;2;159;54;86m▄[0m[48;2;0;0;0m[38;2;159;54;86m▄[0m[48;2;0;0;0m[38;2;159;54;86m▄[0m[48;2;0;0;0m[38;2;243;203;86m▄[0m[48;2;0;0;0m[38;2;60;44;57m▄[0m[48;2;132;39;51m[38;2;119;45;66m▄[0m[48;2;132;39;51m[38;2;0;0;0m▄[0m[38;2;0;0;0m▀[0m       
   [38;2;0;0;0m▀[0m[38;2;0;0;0m▀[0m[38;2;0;0;0m▀[0m[48;2;185;144;76m[38;2;0;0;0m▄[0m[48;2;185;144;76m[38;2;182;145;77m▄[0m[48;2;66;65;66m[38;2;186;145;77m▄[0m[48;2;66;65;66m[38;2;186;145;77m▄[0m[48;2;66;65;66m[38;2;115;83;93m▄[0m[48;2;243;203;86m[38;2;75;45;73m▄[0m[48;2;243;203;86m[38;2;73;49;74m▄[0m[48;2;243;203;86m[38;2;73;49;74m▄[0m[48;2;0;0;0m[38;2;66;65;66m▄[0m[48;2;0;0;0m[38;2;162;48;78m▄[0m[48;2;0;0;0m[38;2;159;54;86m▄[0m[48;2;156;54;83m[38;2;243;203;86m▄[0m[48;2;243;203;86m[38;2;159;54;86m▄[0m[48;2;243;203;86m[38;2;159;54;86m▄[0m[48;2;159;54;86m[38;2;243;203;86m▄[0m[48;2;159;54;86m[38;2;159;54;86m▄[0m[48;2;172;55;81m[38;2;159;54;86m▄[0m[48;2;8;12;8m[38;2;243;203;86m▄[0m[38;2;0;0;0m▄[0m        
     [38;2;0;0;0m▄[0m[48;2;0;0;0m[38;2;136;38;55m▄[0m[48;2;182;145;77m[38;2;136;38;55m▄[0m[48;2;243;203;86m[38;2;243;202;84m▄[0m[48;2;243;203;86m[38;2;243;202;84m▄[0m[48;2;196;139;103m[38;2;159;54;86m▄[0m[48;2;156;110;96m[38;2;159;54;86m▄[0m[48;2;133;108;89m[38;2;243;203;86m▄[0m[48;2;245;200;99m[38;2;159;54;86m▄[0m[48;2;162;48;78m[38;2;243;203;86m▄[0m[48;2;162;48;78m[38;2;159;54;86m▄[0m[48;2;159;54;86m[38;2;160;52;84m▄[0m[48;2;159;54;86m[38;2;160;52;84m▄[0m[48;2;243;203;86m[38;2;160;52;84m▄[0m[48;2;243;203;86m[38;2;160;52;84m▄[0m[48;2;159;54;86m[38;2;159;54;86m▄[0m[48;2;159;54;86m[38;2;159;54;86m▄[0m[48;2;243;203;86m[38;2;147;114;72m▄[0m[48;2;159;54;86m[38;2;244;183;137m▄[0m[48;2;0;0;0m[38;2;0;0;0m▄[0m        
     [48;2;0;0;0m[38;2;0;0;0m▄[0m[48;2;136;38;55m[38;2;126;47;61m▄[0m[48;2;243;203;86m[38;2;82;55;71m▄[0m[48;2;243;202;84m[38;2;243;199;85m▄[0m[48;2;243;202;84m[38;2;243;199;85m▄[0m[48;2;243;203;86m[38;2;66;65;66m▄[0m[48;2;159;54;86m[38;2;162;48;78m▄[0m[48;2;243;203;86m[38;2;159;54;86m▄[0m[48;2;159;54;86m[38;2;243;203;86m▄[0m[48;2;243;203;86m[38;2;165;48;78m▄[0m[48;2;159;54;86m[38;2;165;48;78m▄[0m[48;2;182;145;77m[38;2;66;65;66m▄[0m[48;2;182;145;77m[38;2;66;65;66m▄[0m[48;2;182;145;77m[38;2;66;65;66m▄[0m[48;2;160;52;84m[38;2;186;145;77m▄[0m[48;2;159;54;86m[38;2;162;49;83m▄[0m[48;2;243;203;86m[38;2;162;49;83m▄[0m[48;2;147;114;72m[38;2;111;87;47m▄[0m[48;2;0;0;33m[38;2;0;0;8m▄[0m         
      [38;2;0;4;0m▀[0m[48;2;126;47;61m[38;2;0;0;0m▄[0m[48;2;66;60;66m[38;2;109;73;60m▄[0m[48;2;184;153;78m[38;2;89;39;66m▄[0m[48;2;66;65;66m[38;2;66;65;66m▄[0m[48;2;162;48;78m[38;2;186;145;77m▄[0m[48;2;159;54;86m[38;2;150;55;75m▄[0m[48;2;159;54;86m[38;2;196;153;102m▄[0m[48;2;165;48;78m[38;2;0;0;0m▄[0m[38;2;0;0;0m▀[0m[48;2;94;97;94m[38;2;0;0;0m▄[0m[48;2;94;97;94m[38;2;94;97;94m▄[0m[48;2;66;65;66m[38;2;99;97;99m▄[0m[48;2;66;65;66m[38;2;66;64;66m▄[0m[48;2;137;35;52m[38;2;0;0;0m▄[0m[48;2;137;35;52m[38;2;182;145;77m▄[0m[48;2;186;139;95m[38;2;185;145;74m▄[0m[48;2;0;0;8m[38;2;185;145;74m▄[0m[38;2;0;0;0m▄[0m        
       [38;2;0;0;0m▀[0m[48;2;193;143;82m[38;2;0;0;0m▄[0m[48;2;109;73;60m[38;2;182;145;77m▄[0m[48;2;186;145;77m[38;2;184;152;78m▄[0m[48;2;66;65;66m[38;2;66;65;66m▄[0m[48;2;242;202;79m[38;2;243;203;86m▄[0m[48;2;242;202;79m[38;2;243;203;86m▄[0m[48;2;0;0;0m[38;2;0;0;0m▄[0m  [48;2;0;0;0m[38;2;0;0;0m▄[0m[48;2;99;97;99m[38;2;0;0;0m▄[0m[38;2;0;0;0m▀[0m [38;2;0;0;0m▀[0m[48;2;185;145;74m[38;2;0;0;0m▄[0m[48;2;185;145;74m[38;2;182;145;77m▄[0m[48;2;0;0;0m[38;2;0;0;0m▄[0m        
        [38;2;0;0;0m▀[0m[48;2;182;145;77m[38;2;0;0;0m▄[0m[48;2;66;65;66m[38;2;0;0;0m▄[0m[48;2;244;196;85m[38;2;182;145;77m▄[0m[48;2;243;203;86m[38;2;243;203;86m▄[0m[48;2;0;0;0m[38;2;0;0;0m▄[0m        [38;2;0;0;0m▀[0m[38;2;0;0;0m▀[0m         
           [38;2;0;0;0m▀[0m[38;2;0;0;0m▀[0m                    
