Pansage
      [38;2;0;0;0m▄[0m[38;2;0;0;0m▄[0m[38;2;0;0;0m▄[0m[48;2;0;0;0m[38;2;94;166;48m▄[0m[48;2;0;0;0m[38;2;111;211;44m▄[0m[48;2;0;0;0m[38;2;111;211;44m▄[0m[38;2;0;0;0m▄[0m[38;2;0;0;0m▄[0m      
     [48;2;0;0;0m[38;2;0;0;0m▄[0m[48;2;111;211;44m[38;2;111;211;44m▄[0m[48;2;111;211;44m[38;2;111;211;44m▄[0m[48;2;98;120;61m[38;2;255;232;149m▄[0m[48;2;111;211;44m[38;2;111;211;44m▄[0m[48;2;111;211;44m[38;2;255;232;149m▄[0m[48;2;111;211;44m[38;2;111;211;44m▄[0m[48;2;111;211;44m[38;2;111;211;44m▄[0m[48;2;111;211;44m[38;2;111;211;44m▄[0m[48;2;0;0;0m[38;2;98;120;61m▄[0m[38;2;0;0;0m▄[0m    
     [38;2;0;0;0m▀[0m[48;2;94;166;48m[38;2;0;0;0m▄[0m[48;2;111;211;44m[38;2;65;65;65m▄[0m[48;2;111;211;44m[38;2;98;120;61m▄[0m[48;2;111;211;44m[38;2;94;166;48m▄[0m[48;2;111;211;44m[38;2;111;211;44m▄[0m[48;2;255;232;149m[38;2;111;211;44m▄[0m[48;2;111;211;44m[38;2;111;211;44m▄[0m[48;2;94;166;48m[38;2;111;211;44m▄[0m[48;2;111;211;44m[38;2;111;211;44m▄[0m[48;2;111;211;44m[38;2;111;211;44m▄[0m[48;2;0;0;0m[38;2;0;0;0m▄[0m   
[38;2;0;0;0m▄[0m[48;2;0;0;0m[38;2;111;211;44m▄[0m[48;2;0;0;0m[38;2;111;211;44m▄[0m[38;2;0;0;0m▄[0m[48;2;0;0;0m[38;2;94;166;48m▄[0m[48;2;0;0;0m[38;2;111;211;44m▄[0m[48;2;111;211;44m[38;2;111;211;44m▄[0m[48;2;111;211;44m[38;2;111;211;44m▄[0m[48;2;111;211;44m[38;2;111;211;44m▄[0m[48;2;111;211;44m[38;2;111;211;44m▄[0m[48;2;65;65;65m[38;2;111;211;44m▄[0m[48;2;65;65;65m[38;2;111;211;44m▄[0m[48;2;94;166;48m[38;2;65;65;65m▄[0m[48;2;111;211;44m[38;2;94;166;48m▄[0m[48;2;111;211;44m[38;2;0;0;0m▄[0m[48;2;94;166;48m[38;2;0;0;0m▄[0m[38;2;0;0;0m▀[0m   
[48;2;0;0;0m[38;2;0;0;0m▄[0m[48;2;172;240;112m[38;2;172;240;112m▄[0m[48;2;65;65;65m[38;2;65;65;65m▄[0m[48;2;94;166;48m[38;2;255;255;255m▄[0m[48;2;111;211;44m[38;2;111;211;44m▄[0m[48;2;111;211;44m[38;2;111;211;44m▄[0m[48;2;111;211;44m[38;2;111;211;44m▄[0m[48;2;111;211;44m[38;2;111;211;44m▄[0m[48;2;111;211;44m[38;2;111;211;44m▄[0m[48;2;111;211;44m[38;2;111;211;44m▄[0m[48;2;111;211;44m[38;2;111;211;44m▄[0m[48;2;111;211;44m[38;2;111;211;44m▄[0m[48;2;111;211;44m[38;2;65;65;65m▄[0m[48;2;0;0;0m[38;2;65;65;65m▄[0m[38;2;0;0;0m▄[0m     
[38;2;0;0;0m▀[0m[48;2;98;120;61m[38;2;0;0;0m▄[0m[48;2;94;166;48m[38;2;94;166;48m▄[0m[48;2;0;0;0m[38;2;65;65;65m▄[0m[48;2;255;255;255m[38;2;255;255;255m▄[0m[48;2;111;211;44m[38;2;111;211;44m▄[0m[48;2;111;211;44m[38;2;111;211;44m▄[0m[48;2;255;255;255m[38;2;0;0;0m▄[0m[48;2;111;211;44m[38;2;255;255;255m▄[0m[48;2;111;211;44m[38;2;94;166;48m▄[0m[48;2;111;211;44m[38;2;94;166;48m▄[0m[48;2;98;120;61m[38;2;111;211;44m▄[0m[48;2;111;211;44m[38;2;172;240;112m▄[0m[48;2;111;211;44m[38;2;172;240;112m▄[0m[48;2;111;211;44m[38;2;111;211;44m▄[0m[48;2;0;0;0m[38;2;0;0;0m▄[0m    
  [38;2;0;0;0m▀[0m[48;2;255;232;149m[38;2;0;0;0m▄[0m[48;2;255;232;149m[38;2;255;232;149m▄[0m[48;2;111;211;44m[38;2;255;232;149m▄[0m[48;2;255;232;149m[38;2;255;232;149m▄[0m[48;2;65;65;65m[38;2;255;232;149m▄[0m[48;2;255;255;255m[38;2;255;232;149m▄[0m[48;2;255;232;149m[38;2;255;232;149m▄[0m[48;2;94;166;48m[38;2;65;65;65m▄[0m[48;2;172;240;112m[38;2;172;240;112m▄[0m[48;2;172;240;112m[38;2;111;211;44m▄[0m[48;2;172;240;112m[38;2;111;211;44m▄[0m[48;2;111;211;44m[38;2;0;0;0m▄[0m[38;2;0;0;0m▀[0m[38;2;0;0;0m▄[0m [38;2;0;0;0m▄[0m 
    [48;2;0;0;0m[38;2;0;0;0m▄[0m[48;2;65;65;65m[38;2;238;209;114m▄[0m[48;2;255;232;149m[38;2;65;65;65m▄[0m[48;2;255;232;149m[38;2;65;65;65m▄[0m[48;2;255;232;149m[38;2;65;65;65m▄[0m[48;2;209;176;96m[38;2;65;65;65m▄[0m[48;2;65;65;65m[38;2;209;176;96m▄[0m[48;2;94;166;48m[38;2;238;209;114m▄[0m[48;2;65;65;65m[38;2;209;176;96m▄[0m[48;2;0;0;0m[38;2;0;0;0m▄[0m [48;2;0;0;0m[38;2;0;0;0m▄[0m[48;2;111;211;44m[38;2;94;166;48m▄[0m[48;2;0;0;0m[38;2;111;211;44m▄[0m[48;2;111;211;44m[38;2;94;166;48m▄[0m[48;2;0;0;0m[38;2;0;0;0m▄[0m
     [38;2;0;0;0m▀[0m[38;2;0;0;0m▀[0m[48;2;209;176;96m[38;2;0;0;0m▄[0m[48;2;238;209;114m[38;2;209;176;96m▄[0m[48;2;238;209;114m[38;2;238;209;114m▄[0m[48;2;65;65;65m[38;2;238;209;114m▄[0m[48;2;65;65;65m[38;2;98;120;61m▄[0m[48;2;238;209;114m[38;2;65;65;65m▄[0m[48;2;238;209;114m[38;2;255;232;149m▄[0m[48;2;0;0;0m[38;2;65;65;65m▄[0m[48;2;94;166;48m[38;2;0;0;0m▄[0m[48;2;98;120;61m[38;2;0;0;0m▄[0m[38;2;0;0;0m▀[0m[38;2;0;0;0m▀[0m 
      [38;2;0;0;0m▀[0m[48;2;94;166;48m[38;2;0;0;0m▄[0m[48;2;98;120;61m[38;2;0;0;0m▄[0m[38;2;0;0;0m▀[0m[48;2;65;65;65m[38;2;0;0;0m▄[0m[48;2;98;120;61m[38;2;94;166;48m▄[0m[48;2;94;166;48m[38;2;94;166;48m▄[0m[48;2;0;0;0m[38;2;0;0;0m▄[0m[38;2;0;0;0m▀[0m     
           [38;2;0;0;0m▀[0m[38;2;0;0;0m▀[0m       
