Roggenrola
  [38;2;0;0;0m▄[0m[48;2;0;0;0m[38;2;222;156;90m▄[0m[48;2;0;0;0m[38;2;222;156;90m▄[0m[38;2;0;0;0m▄[0m     
  [48;2;0;0;0m[38;2;0;0;0m▄[0m[48;2;222;156;90m[38;2;222;156;90m▄[0m[48;2;222;156;90m[38;2;165;115;74m▄[0m[48;2;165;115;74m[38;2;165;115;74m▄[0m[48;2;0;0;0m[38;2;0;0;0m▄[0m    
   [48;2;0;0;0m[38;2;0;0;0m▄[0m[48;2;222;156;90m[38;2;58;74;132m▄[0m[48;2;165;115;74m[38;2;165;115;74m▄[0m[48;2;0;0;0m[38;2;0;0;0m▄[0m[38;2;0;0;0m▄[0m   
 [38;2;0;0;0m▄[0m[48;2;0;0;0m[38;2;58;74;132m▄[0m[48;2;123;148;214m[38;2;123;148;214m▄[0m[48;2;123;148;214m[38;2;123;148;214m▄[0m[48;2;90;107;181m[38;2;123;148;214m▄[0m[48;2;58;74;132m[38;2;123;148;214m▄[0m[48;2;90;107;181m[38;2;90;107;181m▄[0m[48;2;0;0;0m[38;2;58;74;132m▄[0m[38;2;0;0;0m▄[0m 
[38;2;0;0;0m▄[0m[48;2;0;0;0m[38;2;90;107;181m▄[0m[48;2;58;74;132m[38;2;197;140;8m▄[0m[48;2;197;140;8m[38;2;65;65;65m▄[0m[48;2;90;107;181m[38;2;197;140;8m▄[0m[48;2;123;148;214m[38;2;58;74;132m▄[0m[48;2;123;148;214m[38;2;58;74;132m▄[0m[48;2;58;74;132m[38;2;90;107;181m▄[0m[48;2;90;107;181m[38;2;90;107;181m▄[0m[48;2;90;107;181m[38;2;58;74;132m▄[0m[48;2;0;0;0m[38;2;0;0;0m▄[0m
[48;2;0;0;0m[38;2;0;0;0m▄[0m[48;2;90;107;181m[38;2;58;74;132m▄[0m[48;2;247;247;41m[38;2;247;247;41m▄[0m[48;2;0;0;0m[38;2;0;0;0m▄[0m[48;2;0;0;0m[38;2;0;0;0m▄[0m[48;2;197;140;8m[38;2;247;247;41m▄[0m[48;2;90;107;181m[38;2;90;107;181m▄[0m[48;2;90;107;181m[38;2;90;107;181m▄[0m[48;2;58;74;132m[38;2;58;74;132m▄[0m[48;2;58;74;132m[38;2;58;74;132m▄[0m[48;2;0;0;0m[38;2;0;0;0m▄[0m
 [38;2;0;0;0m▀[0m[48;2;58;74;132m[38;2;0;0;0m▄[0m[48;2;247;247;41m[38;2;58;74;132m▄[0m[48;2;247;247;41m[38;2;58;74;132m▄[0m[48;2;197;140;8m[38;2;58;74;132m▄[0m[48;2;58;74;132m[38;2;58;74;132m▄[0m[48;2;58;74;132m[38;2;58;74;132m▄[0m[48;2;58;74;132m[38;2;58;74;132m▄[0m[48;2;0;0;0m[38;2;0;0;0m▄[0m 
 [48;2;0;0;0m[38;2;0;0;0m▄[0m[48;2;165;115;74m[38;2;0;0;0m▄[0m[48;2;165;115;74m[38;2;0;0;0m▄[0m[38;2;0;0;0m▀[0m[38;2;0;0;0m▀[0m[48;2;0;0;0m[38;2;0;0;0m▄[0m[48;2;65;65;65m[38;2;165;115;74m▄[0m[48;2;0;0;0m[38;2;165;115;74m▄[0m[38;2;0;0;0m▄[0m 
       [38;2;0;0;0m▀[0m[38;2;0;0;0m▀[0m[38;2;0;0;0m▀[0m 
