Palpitoad
    [38;2;0;0;0m▄[0m[48;2;0;0;0m[38;2;165;222;247m▄[0m[48;2;0;0;0m[38;2;165;222;247m▄[0m[48;2;0;0;0m[38;2;107;197;255m▄[0m[38;2;0;0;0m▄[0m[38;2;0;0;0m▄[0m        
 [38;2;0;0;0m▄[0m[48;2;0;0;0m[38;2;107;197;255m▄[0m[48;2;0;0;0m[38;2;65;65;65m▄[0m[48;2;107;197;255m[38;2;107;197;255m▄[0m[48;2;165;222;247m[38;2;107;197;255m▄[0m[48;2;165;222;247m[38;2;107;197;255m▄[0m[48;2;107;197;255m[38;2;107;197;255m▄[0m[48;2;107;197;255m[38;2;107;197;255m▄[0m[48;2;99;99;99m[38;2;99;99;99m▄[0m[48;2;0;0;0m[38;2;0;0;0m▄[0m       
[48;2;0;0;0m[38;2;0;0;0m▄[0m[48;2;107;197;255m[38;2;107;197;255m▄[0m[48;2;99;99;99m[38;2;99;99;99m▄[0m[48;2;65;65;65m[38;2;65;65;65m▄[0m[48;2;99;99;99m[38;2;99;99;99m▄[0m[48;2;107;197;255m[38;2;99;99;99m▄[0m[48;2;107;197;255m[38;2;99;99;99m▄[0m[48;2;107;197;255m[38;2;99;99;99m▄[0m[48;2;99;99;99m[38;2;99;99;99m▄[0m[48;2;99;99;99m[38;2;99;99;99m▄[0m[48;2;65;65;65m[38;2;65;65;65m▄[0m[48;2;0;0;0m[38;2;66;115;214m▄[0m[38;2;0;0;0m▄[0m[38;2;0;0;0m▄[0m    
[38;2;0;0;0m▀[0m[48;2;99;99;99m[38;2;0;0;0m▄[0m[48;2;99;99;99m[38;2;99;99;99m▄[0m[48;2;255;255;255m[38;2;255;255;255m▄[0m[48;2;65;65;65m[38;2;0;0;0m▄[0m[48;2;99;99;99m[38;2;65;65;65m▄[0m[48;2;99;99;99m[38;2;65;65;65m▄[0m[48;2;99;99;99m[38;2;65;65;65m▄[0m[48;2;99;99;99m[38;2;65;65;65m▄[0m[48;2;65;65;65m[38;2;255;255;255m▄[0m[48;2;66;115;214m[38;2;65;65;65m▄[0m[48;2;65;65;65m[38;2;99;99;99m▄[0m[48;2;99;99;99m[38;2;99;99;99m▄[0m[48;2;99;99;99m[38;2;107;197;255m▄[0m[48;2;0;0;0m[38;2;58;156;189m▄[0m[38;2;0;0;0m▄[0m  
 [48;2;0;0;0m[38;2;0;0;0m▄[0m[48;2;82;140;255m[38;2;82;140;255m▄[0m[48;2;99;99;99m[38;2;99;99;99m▄[0m[48;2;247;206;140m[38;2;181;132;90m▄[0m[48;2;247;206;140m[38;2;247;206;140m▄[0m[48;2;222;181;115m[38;2;247;206;140m▄[0m[48;2;255;255;255m[38;2;181;132;90m▄[0m[48;2;0;0;0m[38;2;255;255;255m▄[0m[48;2;255;255;255m[38;2;82;140;255m▄[0m[48;2;65;65;65m[38;2;65;65;65m▄[0m[48;2;99;99;99m[38;2;99;99;99m▄[0m[48;2;107;197;255m[38;2;107;197;255m▄[0m[48;2;165;222;247m[38;2;107;197;255m▄[0m[48;2;107;197;255m[38;2;107;197;255m▄[0m[48;2;0;0;0m[38;2;0;0;0m▄[0m  
[48;2;0;0;0m[38;2;0;0;0m▄[0m[48;2;165;222;247m[38;2;107;197;255m▄[0m[48;2;99;99;99m[38;2;99;99;99m▄[0m[48;2;247;206;140m[38;2;247;206;140m▄[0m[48;2;247;206;140m[38;2;247;206;140m▄[0m[48;2;181;132;90m[38;2;247;206;140m▄[0m[48;2;181;132;90m[38;2;247;206;140m▄[0m[48;2;247;206;140m[38;2;247;206;140m▄[0m[48;2;99;99;99m[38;2;99;99;99m▄[0m[48;2;82;140;255m[38;2;82;140;255m▄[0m[48;2;65;65;65m[38;2;82;140;255m▄[0m[48;2;99;99;99m[38;2;65;65;65m▄[0m[48;2;99;99;99m[38;2;99;99;99m▄[0m[48;2;107;197;255m[38;2;99;99;99m▄[0m[48;2;58;156;189m[38;2;65;65;65m▄[0m[48;2;0;0;0m[38;2;255;255;255m▄[0m[48;2;0;0;0m[38;2;255;255;255m▄[0m[38;2;0;0;0m▄[0m
 [38;2;0;0;0m▀[0m[48;2;65;65;65m[38;2;0;0;0m▄[0m[48;2;247;206;140m[38;2;181;132;90m▄[0m[48;2;247;206;140m[38;2;247;206;140m▄[0m[48;2;247;206;140m[38;2;247;206;140m▄[0m[48;2;247;206;140m[38;2;247;206;140m▄[0m[48;2;247;206;140m[38;2;181;132;90m▄[0m[48;2;99;99;99m[38;2;99;99;99m▄[0m[48;2;82;140;255m[38;2;66;115;214m▄[0m[48;2;66;115;214m[38;2;66;115;214m▄[0m[48;2;66;115;214m[38;2;107;197;255m▄[0m[48;2;65;65;65m[38;2;165;222;247m▄[0m[48;2;65;65;65m[38;2;65;65;65m▄[0m[48;2;255;255;255m[38;2;189;189;181m▄[0m[48;2;255;255;255m[38;2;0;0;0m▄[0m[48;2;189;189;181m[38;2;0;0;0m▄[0m[38;2;0;0;0m▀[0m
 [38;2;0;0;0m▀[0m[48;2;82;140;255m[38;2;0;0;0m▄[0m[48;2;82;140;255m[38;2;0;0;0m▄[0m[38;2;0;0;0m▀[0m[48;2;181;132;90m[38;2;0;0;0m▄[0m[48;2;181;132;90m[38;2;0;0;0m▄[0m[48;2;65;65;65m[38;2;0;0;0m▄[0m[48;2;66;115;214m[38;2;65;65;65m▄[0m[48;2;66;115;214m[38;2;65;65;65m▄[0m[48;2;65;65;65m[38;2;65;65;65m▄[0m[48;2;58;156;189m[38;2;0;0;0m▄[0m[48;2;107;197;255m[38;2;0;0;0m▄[0m[38;2;0;0;0m▀[0m[38;2;0;0;0m▀[0m   
        [38;2;0;0;0m▀[0m[48;2;82;140;255m[38;2;0;0;0m▄[0m[48;2;82;140;255m[38;2;0;0;0m▄[0m[38;2;0;0;0m▀[0m      
