Minccino
[38;2;0;0;0m▄[0m[48;2;0;0;0m[38;2;197;197;197m▄[0m[48;2;0;0;0m[38;2;255;255;255m▄[0m[48;2;0;0;0m[38;2;255;255;255m▄[0m[38;2;0;0;0m▄[0m                 
[48;2;0;0;0m[38;2;0;0;0m▄[0m[48;2;255;255;255m[38;2;255;255;255m▄[0m[48;2;255;255;255m[38;2;140;140;140m▄[0m[48;2;255;255;255m[38;2;197;197;197m▄[0m[48;2;255;255;255m[38;2;255;255;255m▄[0m[48;2;0;0;0m[38;2;0;0;0m▄[0m [38;2;0;0;0m▄[0m    [38;2;0;0;0m▄[0m[48;2;0;0;0m[38;2;197;197;197m▄[0m[48;2;0;0;0m[38;2;255;255;255m▄[0m[48;2;0;0;0m[38;2;255;255;255m▄[0m[48;2;0;0;0m[38;2;255;255;255m▄[0m[38;2;0;0;0m▄[0m    
[48;2;0;0;0m[38;2;0;0;0m▄[0m[48;2;255;255;255m[38;2;197;197;197m▄[0m[48;2;197;74;99m[38;2;239;115;156m▄[0m[48;2;197;74;99m[38;2;197;197;197m▄[0m[48;2;197;197;197m[38;2;140;140;140m▄[0m[48;2;197;197;197m[38;2;65;65;65m▄[0m[48;2;0;0;0m[38;2;65;65;65m▄[0m[48;2;197;197;197m[38;2;197;197;197m▄[0m[48;2;0;0;0m[38;2;65;65;65m▄[0m[48;2;0;0;0m[38;2;140;140;140m▄[0m[38;2;0;0;0m▄[0m[48;2;0;0;0m[38;2;65;65;65m▄[0m[48;2;197;197;197m[38;2;197;197;197m▄[0m[48;2;255;255;255m[38;2;140;140;140m▄[0m[48;2;255;255;255m[38;2;140;140;140m▄[0m[48;2;255;255;255m[38;2;255;255;255m▄[0m[48;2;255;255;255m[38;2;255;255;255m▄[0m[48;2;0;0;0m[38;2;0;0;0m▄[0m    
[38;2;0;0;0m▀[0m[48;2;173;173;173m[38;2;0;0;0m▄[0m[48;2;140;140;140m[38;2;173;173;173m▄[0m[48;2;197;197;197m[38;2;140;140;140m▄[0m[48;2;140;140;140m[38;2;197;197;197m▄[0m[48;2;65;65;65m[38;2;197;197;197m▄[0m[48;2;197;197;197m[38;2;140;140;140m▄[0m[48;2;173;173;173m[38;2;173;173;173m▄[0m[48;2;140;140;140m[38;2;197;197;197m▄[0m[48;2;197;197;197m[38;2;197;197;197m▄[0m[48;2;65;65;65m[38;2;197;197;197m▄[0m[48;2;197;197;197m[38;2;140;140;140m▄[0m[48;2;140;140;140m[38;2;197;197;197m▄[0m[48;2;197;74;99m[38;2;140;140;140m▄[0m[48;2;197;74;99m[38;2;239;115;156m▄[0m[48;2;197;197;197m[38;2;197;197;197m▄[0m[48;2;173;173;173m[38;2;0;0;0m▄[0m[38;2;0;0;0m▀[0m [38;2;0;0;0m▄[0m  
 [38;2;0;0;0m▀[0m[48;2;65;65;65m[38;2;0;0;0m▄[0m[48;2;197;197;197m[38;2;197;197;197m▄[0m[48;2;255;255;255m[38;2;0;0;0m▄[0m[48;2;197;197;197m[38;2;197;197;197m▄[0m[48;2;197;197;197m[38;2;197;197;197m▄[0m[48;2;197;197;197m[38;2;197;197;197m▄[0m[48;2;197;197;197m[38;2;197;197;197m▄[0m[48;2;197;197;197m[38;2;255;255;255m▄[0m[48;2;197;197;197m[38;2;197;197;197m▄[0m[48;2;173;173;173m[38;2;197;197;197m▄[0m[48;2;197;197;197m[38;2;140;140;140m▄[0m[48;2;140;140;140m[38;2;197;197;197m▄[0m[48;2;197;197;197m[38;2;173;173;173m▄[0m[48;2;197;197;197m[38;2;0;0;0m▄[0m[38;2;0;0;0m▀[0m [48;2;0;0;0m[38;2;0;0;0m▄[0m[48;2;255;255;255m[38;2;255;255;255m▄[0m[48;2;0;0;0m[38;2;0;0;0m▄[0m 
  [38;2;0;0;0m▀[0m[48;2;197;197;197m[38;2;0;0;0m▄[0m[48;2;65;65;65m[38;2;197;197;197m▄[0m[48;2;197;197;197m[38;2;197;197;197m▄[0m[48;2;197;197;197m[38;2;140;140;140m▄[0m[48;2;197;197;197m[38;2;197;197;197m▄[0m[48;2;197;197;197m[38;2;197;197;197m▄[0m[48;2;0;0;0m[38;2;65;65;65m▄[0m[48;2;197;197;197m[38;2;197;197;197m▄[0m[48;2;197;197;197m[38;2;173;173;173m▄[0m[48;2;173;173;173m[38;2;140;140;140m▄[0m[48;2;65;65;65m[38;2;0;0;0m▄[0m[38;2;0;0;0m▀[0m  [48;2;0;0;0m[38;2;0;0;0m▄[0m[48;2;255;255;255m[38;2;255;255;255m▄[0m[48;2;255;255;255m[38;2;255;255;255m▄[0m[48;2;0;0;0m[38;2;0;0;0m▄[0m 
    [48;2;0;0;0m[38;2;0;0;0m▄[0m[48;2;65;65;65m[38;2;140;140;140m▄[0m[48;2;197;197;197m[38;2;65;65;65m▄[0m[48;2;197;197;197m[38;2;65;65;65m▄[0m[48;2;173;173;173m[38;2;65;65;65m▄[0m[48;2;173;173;173m[38;2;140;140;140m▄[0m[48;2;140;140;140m[38;2;65;65;65m▄[0m[48;2;65;65;65m[38;2;0;0;0m▄[0m[38;2;0;0;0m▀[0m [38;2;0;0;0m▄[0m[38;2;0;0;0m▄[0m[48;2;0;0;0m[38;2;173;173;173m▄[0m[48;2;197;197;197m[38;2;197;197;197m▄[0m[48;2;197;197;197m[38;2;140;140;140m▄[0m[48;2;140;140;140m[38;2;197;197;197m▄[0m[48;2;65;65;65m[38;2;197;197;197m▄[0m[48;2;0;0;0m[38;2;0;0;0m▄[0m
    [38;2;0;0;0m▄[0m[48;2;0;0;0m[38;2;173;173;173m▄[0m[48;2;173;173;173m[38;2;140;140;140m▄[0m[48;2;173;173;173m[38;2;197;197;197m▄[0m[48;2;197;197;197m[38;2;197;197;197m▄[0m[48;2;65;65;65m[38;2;197;197;197m▄[0m[48;2;197;197;197m[38;2;65;65;65m▄[0m[48;2;140;140;140m[38;2;65;65;65m▄[0m[48;2;0;0;0m[38;2;173;173;173m▄[0m[48;2;0;0;0m[38;2;197;197;197m▄[0m[48;2;173;173;173m[38;2;197;197;197m▄[0m[48;2;197;197;197m[38;2;197;197;197m▄[0m[48;2;197;197;197m[38;2;140;140;140m▄[0m[48;2;197;197;197m[38;2;65;65;65m▄[0m[48;2;197;197;197m[38;2;0;0;0m▄[0m[48;2;140;140;140m[38;2;0;0;0m▄[0m[38;2;0;0;0m▀[0m 
     [38;2;0;0;0m▀[0m[38;2;0;0;0m▀[0m[38;2;0;0;0m▀[0m[48;2;173;173;173m[38;2;0;0;0m▄[0m[48;2;173;173;173m[38;2;0;0;0m▄[0m[48;2;140;140;140m[38;2;173;173;173m▄[0m[48;2;140;140;140m[38;2;0;0;0m▄[0m[38;2;0;0;0m▀[0m[38;2;0;0;0m▀[0m[48;2;173;173;173m[38;2;0;0;0m▄[0m[48;2;197;197;197m[38;2;0;0;0m▄[0m[48;2;197;197;197m[38;2;0;0;0m▄[0m[38;2;0;0;0m▀[0m    
          [38;2;0;0;0m▀[0m[38;2;0;0;0m▀[0m          
