Growlithe
     [38;2;0;0;0m▄[0m[38;2;0;0;0m▄[0m[48;2;0;0;0m[38;2;239;206;132m▄[0m[48;2;0;0;0m[38;2;0;0;0m▄[0m            
   [38;2;0;0;0m▄[0m[48;2;0;0;0m[38;2;239;206;132m▄[0m[48;2;239;206;132m[38;2;239;206;132m▄[0m[48;2;239;206;132m[38;2;206;165;115m▄[0m[48;2;173;123;82m[38;2;239;206;132m▄[0m[48;2;0;0;0m[38;2;239;206;132m▄[0m[48;2;0;0;0m[38;2;0;0;0m▄[0m           
 [38;2;0;0;0m▄[0m[38;2;65;65;65m▄[0m[48;2;65;65;65m[38;2;239;206;132m▄[0m[48;2;239;206;132m[38;2;239;206;132m▄[0m[48;2;239;206;132m[38;2;239;206;132m▄[0m[48;2;239;206;132m[38;2;239;206;132m▄[0m[48;2;239;206;132m[38;2;206;165;115m▄[0m[48;2;0;0;0m[38;2;206;165;115m▄[0m[38;2;0;0;0m▄[0m           
[48;2;0;0;0m[38;2;0;0;0m▄[0m[48;2;214;123;74m[38;2;214;123;74m▄[0m[48;2;0;0;0m[38;2;214;123;74m▄[0m[48;2;239;206;132m[38;2;132;132;115m▄[0m[48;2;239;206;132m[38;2;239;206;132m▄[0m[48;2;239;206;132m[38;2;65;65;65m▄[0m[48;2;239;206;132m[38;2;65;65;65m▄[0m[48;2;65;65;65m[38;2;247;156;66m▄[0m[48;2;0;0;0m[38;2;247;156;66m▄[0m[38;2;65;65;65m▄[0m[48;2;0;0;0m[38;2;247;156;66m▄[0m[48;2;0;0;0m[38;2;247;156;66m▄[0m[38;2;0;0;0m▄[0m  [38;2;0;0;0m▄[0m[38;2;0;0;0m▄[0m[38;2;0;0;0m▄[0m   
 [38;2;0;0;0m▀[0m[48;2;214;123;74m[38;2;0;0;0m▄[0m[48;2;247;156;66m[38;2;247;156;66m▄[0m[48;2;181;99;66m[38;2;247;156;66m▄[0m[48;2;214;123;74m[38;2;247;156;66m▄[0m[48;2;247;156;66m[38;2;65;65;65m▄[0m[48;2;65;65;65m[38;2;255;255;255m▄[0m[48;2;247;156;66m[38;2;247;156;66m▄[0m[48;2;247;156;66m[38;2;65;65;65m▄[0m[48;2;65;65;65m[38;2;132;132;115m▄[0m[48;2;65;65;65m[38;2;132;132;115m▄[0m[48;2;247;156;66m[38;2;247;156;66m▄[0m[48;2;0;0;0m[38;2;65;65;65m▄[0m[48;2;0;0;0m[38;2;239;206;132m▄[0m[48;2;239;206;132m[38;2;239;206;132m▄[0m[48;2;239;206;132m[38;2;239;206;132m▄[0m[48;2;239;206;132m[38;2;239;206;132m▄[0m[48;2;0;0;0m[38;2;206;165;115m▄[0m[38;2;0;0;0m▄[0m 
 [48;2;0;0;0m[38;2;0;0;0m▄[0m[48;2;247;156;66m[38;2;65;65;65m▄[0m[48;2;247;156;66m[38;2;239;206;132m▄[0m[48;2;247;156;66m[38;2;239;206;132m▄[0m[48;2;65;65;65m[38;2;239;206;132m▄[0m[48;2;0;0;0m[38;2;239;206;132m▄[0m[48;2;255;255;255m[38;2;247;156;66m▄[0m[48;2;247;156;66m[38;2;247;156;66m▄[0m[48;2;247;156;66m[38;2;247;156;66m▄[0m[48;2;132;132;115m[38;2;65;65;65m▄[0m[48;2;247;156;66m[38;2;65;65;65m▄[0m[48;2;65;65;65m[38;2;206;165;115m▄[0m[48;2;239;206;132m[38;2;206;165;115m▄[0m[48;2;239;206;132m[38;2;239;206;132m▄[0m[48;2;239;206;132m[38;2;239;206;132m▄[0m[48;2;239;206;132m[38;2;206;165;115m▄[0m[48;2;173;123;82m[38;2;173;123;82m▄[0m[48;2;206;165;115m[38;2;206;165;115m▄[0m[48;2;0;0;0m[38;2;206;165;115m▄[0m[38;2;0;0;0m▄[0m
 [38;2;0;0;0m▄[0m[48;2;0;0;0m[38;2;239;206;132m▄[0m[48;2;65;65;65m[38;2;206;165;115m▄[0m[48;2;239;206;132m[38;2;173;123;82m▄[0m[48;2;239;206;132m[38;2;173;123;82m▄[0m[48;2;239;206;132m[38;2;206;165;115m▄[0m[48;2;206;165;115m[38;2;206;165;115m▄[0m[48;2;247;156;66m[38;2;173;123;82m▄[0m[48;2;65;65;65m[38;2;247;156;66m▄[0m[48;2;247;156;66m[38;2;247;156;66m▄[0m[48;2;181;99;66m[38;2;247;156;66m▄[0m[48;2;65;65;65m[38;2;247;156;66m▄[0m[48;2;206;165;115m[38;2;65;65;65m▄[0m[48;2;206;165;115m[38;2;206;165;115m▄[0m[48;2;206;165;115m[38;2;206;165;115m▄[0m[48;2;206;165;115m[38;2;206;165;115m▄[0m[48;2;206;165;115m[38;2;206;165;115m▄[0m[48;2;0;0;0m[38;2;0;0;0m▄[0m[38;2;0;0;0m▀[0m[38;2;0;0;0m▀[0m
 [38;2;0;0;0m▄[0m[48;2;0;0;0m[38;2;239;206;132m▄[0m[48;2;206;165;115m[38;2;239;206;132m▄[0m[48;2;206;165;115m[38;2;206;165;115m▄[0m[48;2;206;165;115m[38;2;206;165;115m▄[0m[48;2;206;165;115m[38;2;206;165;115m▄[0m[48;2;206;165;115m[38;2;239;206;132m▄[0m[48;2;239;206;132m[38;2;239;206;132m▄[0m[48;2;65;65;65m[38;2;239;206;132m▄[0m[48;2;247;156;66m[38;2;65;65;65m▄[0m[48;2;247;156;66m[38;2;247;156;66m▄[0m[48;2;65;65;65m[38;2;247;156;66m▄[0m[48;2;65;65;65m[38;2;214;123;74m▄[0m[48;2;65;65;65m[38;2;65;65;65m▄[0m[48;2;206;165;115m[38;2;206;165;115m▄[0m[48;2;206;165;115m[38;2;206;165;115m▄[0m[48;2;206;165;115m[38;2;0;0;0m▄[0m[38;2;0;0;0m▀[0m  
  [38;2;0;0;0m▀[0m[48;2;65;65;65m[38;2;0;0;0m▄[0m[48;2;239;206;132m[38;2;65;65;65m▄[0m[48;2;239;206;132m[38;2;239;206;132m▄[0m[48;2;239;206;132m[38;2;206;165;115m▄[0m[48;2;239;206;132m[38;2;239;206;132m▄[0m[48;2;239;206;132m[38;2;65;65;65m▄[0m[48;2;65;65;65m[38;2;65;65;65m▄[0m[48;2;214;123;74m[38;2;214;123;74m▄[0m[48;2;214;123;74m[38;2;181;99;66m▄[0m[48;2;65;65;65m[38;2;181;99;66m▄[0m[48;2;65;65;65m[38;2;214;123;74m▄[0m[48;2;65;65;65m[38;2;0;0;0m▄[0m[38;2;0;0;0m▀[0m[38;2;0;0;0m▀[0m    
  [48;2;0;0;0m[38;2;0;0;0m▄[0m[48;2;214;123;74m[38;2;255;255;255m▄[0m[48;2;181;99;66m[38;2;214;123;74m▄[0m[48;2;239;206;132m[38;2;65;65;65m▄[0m[48;2;65;65;65m[38;2;247;156;66m▄[0m[48;2;65;65;65m[38;2;247;156;66m▄[0m[48;2;247;156;66m[38;2;214;123;74m▄[0m[48;2;0;0;0m[38;2;0;0;0m▄[0m[38;2;0;0;0m▀[0m[48;2;247;156;66m[38;2;0;0;0m▄[0m[48;2;247;156;66m[38;2;0;0;0m▄[0m[38;2;0;0;0m▀[0m       
   [38;2;0;0;0m▀[0m[38;2;0;0;0m▀[0m[48;2;255;255;255m[38;2;0;0;0m▄[0m[48;2;247;156;66m[38;2;0;0;0m▄[0m[48;2;255;255;255m[38;2;0;0;0m▄[0m[38;2;0;0;0m▀[0m            
