Sawsbuck
 [38;2;0;0;0m▄[0m[38;2;0;0;0m▄[0m [48;2;0;0;0m[38;2;0;0;0m▄[0m[48;2;0;0;0m[38;2;140;82;82m▄[0m[38;2;0;0;0m▄[0m  [38;2;0;0;0m▄[0m[38;2;0;0;0m▄[0m            
[38;2;0;0;0m▄[0m[48;2;0;0;0m[38;2;239;115;156m▄[0m[48;2;140;82;82m[38;2;65;65;65m▄[0m[48;2;0;0;0m[38;2;140;82;82m▄[0m[48;2;65;65;65m[38;2;65;65;65m▄[0m[48;2;140;82;82m[38;2;65;65;65m▄[0m[48;2;0;0;0m[38;2;0;0;0m▄[0m [48;2;0;0;0m[38;2;0;0;0m▄[0m[48;2;140;82;82m[38;2;247;230;41m▄[0m[48;2;0;0;0m[38;2;247;148;247m▄[0m[38;2;0;0;0m▄[0m[38;2;0;0;0m▄[0m[38;2;0;0;0m▄[0m         
 [38;2;0;0;0m▀[0m[38;2;0;0;0m▀[0m[48;2;65;65;65m[38;2;0;0;0m▄[0m[48;2;239;115;156m[38;2;247;148;247m▄[0m[48;2;247;148;247m[38;2;247;230;41m▄[0m[48;2;0;0;0m[38;2;0;0;0m▄[0m [48;2;0;0;0m[38;2;0;0;0m▄[0m[48;2;239;115;156m[38;2;140;82;82m▄[0m[48;2;239;115;156m[38;2;65;65;65m▄[0m[48;2;65;65;65m[38;2;140;82;82m▄[0m[48;2;140;82;82m[38;2;65;65;65m▄[0m[48;2;0;0;0m[38;2;239;115;156m▄[0m[38;2;0;0;0m▄[0m        
  [38;2;0;0;0m▀[0m[48;2;229;143;85m[38;2;0;0;0m▄[0m[48;2;65;65;65m[38;2;229;143;85m▄[0m[48;2;239;115;156m[38;2;65;65;65m▄[0m[48;2;140;82;82m[38;2;140;82;82m▄[0m[48;2;0;0;0m[38;2;65;65;65m▄[0m[48;2;247;230;41m[38;2;239;115;156m▄[0m[48;2;239;115;156m[38;2;140;82;82m▄[0m[48;2;140;82;82m[38;2;0;0;0m▄[0m[48;2;0;0;0m[38;2;229;143;85m▄[0m[48;2;0;0;0m[38;2;229;143;85m▄[0m[48;2;0;0;0m[38;2;229;143;85m▄[0m[38;2;0;0;0m▄[0m        
    [48;2;0;0;0m[38;2;0;0;0m▄[0m[48;2;229;143;85m[38;2;229;143;85m▄[0m[48;2;229;143;85m[38;2;229;143;85m▄[0m[48;2;229;143;85m[38;2;229;143;85m▄[0m[48;2;173;74;74m[38;2;229;143;85m▄[0m[48;2;65;65;65m[38;2;229;143;85m▄[0m[48;2;229;143;85m[38;2;173;74;74m▄[0m[48;2;173;74;74m[38;2;173;74;74m▄[0m[48;2;173;74;74m[38;2;0;0;0m▄[0m[38;2;0;0;0m▀[0m         
  [38;2;0;0;0m▄[0m[48;2;0;0;0m[38;2;229;143;85m▄[0m[48;2;229;143;85m[38;2;229;143;85m▄[0m[48;2;229;143;85m[38;2;229;143;85m▄[0m[48;2;229;143;85m[38;2;173;74;74m▄[0m[48;2;255;165;58m[38;2;0;0;0m▄[0m[48;2;255;255;255m[38;2;255;255;255m▄[0m[48;2;255;165;58m[38;2;255;165;58m▄[0m[48;2;229;143;85m[38;2;229;143;85m▄[0m[48;2;0;0;0m[38;2;0;0;0m▄[0m   [38;2;0;0;0m▄[0m[38;2;0;0;0m▄[0m[38;2;0;0;0m▄[0m[38;2;0;0;0m▄[0m[38;2;0;0;0m▄[0m   
  [38;2;0;0;0m▀[0m[48;2;173;74;74m[38;2;0;0;0m▄[0m[48;2;229;143;85m[38;2;255;230;148m▄[0m[48;2;222;189;90m[38;2;255;230;148m▄[0m[48;2;255;230;148m[38;2;65;65;65m▄[0m[48;2;255;230;148m[38;2;65;65;65m▄[0m[48;2;222;189;90m[38;2;173;74;74m▄[0m[48;2;173;74;74m[38;2;229;143;85m▄[0m[48;2;229;143;85m[38;2;229;143;85m▄[0m[48;2;229;143;85m[38;2;229;143;85m▄[0m[48;2;0;0;0m[38;2;229;143;85m▄[0m[48;2;0;0;0m[38;2;247;148;247m▄[0m[48;2;0;0;0m[38;2;239;115;156m▄[0m[48;2;229;143;85m[38;2;229;143;85m▄[0m[48;2;229;143;85m[38;2;229;143;85m▄[0m[48;2;173;74;74m[38;2;229;143;85m▄[0m[48;2;229;143;85m[38;2;65;65;65m▄[0m[48;2;229;143;85m[38;2;229;143;85m▄[0m[48;2;0;0;0m[38;2;229;143;85m▄[0m[48;2;0;0;0m[38;2;229;143;85m▄[0m[38;2;0;0;0m▄[0m
    [48;2;0;0;0m[38;2;0;0;0m▄[0m[48;2;65;65;65m[38;2;222;189;90m▄[0m[48;2;222;189;90m[38;2;255;230;148m▄[0m[48;2;255;230;148m[38;2;255;230;148m▄[0m[48;2;229;143;85m[38;2;255;230;148m▄[0m[48;2;229;143;85m[38;2;229;143;85m▄[0m[48;2;229;143;85m[38;2;229;143;85m▄[0m[48;2;229;143;85m[38;2;229;143;85m▄[0m[48;2;229;143;85m[38;2;229;143;85m▄[0m[48;2;229;143;85m[38;2;229;143;85m▄[0m[48;2;229;143;85m[38;2;229;143;85m▄[0m[48;2;229;143;85m[38;2;229;143;85m▄[0m[48;2;247;148;247m[38;2;229;143;85m▄[0m[48;2;229;143;85m[38;2;229;143;85m▄[0m[48;2;65;65;65m[38;2;229;143;85m▄[0m[48;2;173;74;74m[38;2;0;0;0m▄[0m[48;2;229;143;85m[38;2;0;0;0m▄[0m[38;2;0;0;0m▀[0m 
    [38;2;0;0;0m▄[0m[48;2;0;0;0m[38;2;222;189;90m▄[0m[48;2;255;230;148m[38;2;222;189;90m▄[0m[48;2;255;230;148m[38;2;255;230;148m▄[0m[48;2;255;230;148m[38;2;255;230;148m▄[0m[48;2;173;74;74m[38;2;65;65;65m▄[0m[48;2;229;143;85m[38;2;229;143;85m▄[0m[48;2;229;143;85m[38;2;229;143;85m▄[0m[48;2;229;143;85m[38;2;229;143;85m▄[0m[48;2;229;143;85m[38;2;222;189;90m▄[0m[48;2;222;189;90m[38;2;222;189;90m▄[0m[48;2;65;65;65m[38;2;222;189;90m▄[0m[48;2;229;143;85m[38;2;173;74;74m▄[0m[48;2;229;143;85m[38;2;229;143;85m▄[0m[48;2;229;143;85m[38;2;222;189;90m▄[0m[48;2;0;0;0m[38;2;0;0;0m▄[0m   
     [38;2;0;0;0m▀[0m[48;2;173;74;74m[38;2;0;0;0m▄[0m[48;2;222;189;90m[38;2;173;74;74m▄[0m[48;2;65;65;65m[38;2;0;0;0m▄[0m[38;2;0;0;0m▀[0m[48;2;173;74;74m[38;2;0;0;0m▄[0m[48;2;229;143;85m[38;2;229;143;85m▄[0m[48;2;229;143;85m[38;2;229;143;85m▄[0m[48;2;222;189;90m[38;2;0;0;0m▄[0m[38;2;0;0;0m▀[0m[38;2;0;0;0m▀[0m[38;2;0;0;0m▀[0m[48;2;229;143;85m[38;2;0;0;0m▄[0m[48;2;222;189;90m[38;2;0;0;0m▄[0m[48;2;222;189;90m[38;2;222;189;90m▄[0m[48;2;0;0;0m[38;2;0;0;0m▄[0m  
      [48;2;0;0;0m[38;2;0;0;0m▄[0m[48;2;173;74;74m[38;2;0;0;0m▄[0m[38;2;0;0;0m▀[0m [48;2;0;0;0m[38;2;0;0;0m▄[0m[48;2;222;189;90m[38;2;222;189;90m▄[0m[48;2;173;74;74m[38;2;0;0;0m▄[0m[38;2;0;0;0m▀[0m    [48;2;0;0;0m[38;2;0;0;0m▄[0m[48;2;173;74;74m[38;2;0;0;0m▄[0m[38;2;0;0;0m▀[0m  
          [48;2;0;0;0m[38;2;0;0;0m▄[0m[48;2;173;74;74m[38;2;0;0;0m▄[0m[38;2;0;0;0m▀[0m          
