Foongus
  [38;2;0;0;0m▄[0m[38;2;0;0;0m▄[0m[48;2;0;0;0m[38;2;255;255;255m▄[0m[48;2;0;0;0m[38;2;132;107;90m▄[0m[48;2;0;0;0m[38;2;132;107;90m▄[0m[48;2;0;0;0m[38;2;132;107;90m▄[0m[48;2;0;0;0m[38;2;132;107;90m▄[0m[48;2;0;0;0m[38;2;247;99;82m▄[0m[38;2;0;0;0m▄[0m[38;2;0;0;0m▄[0m  
 [48;2;0;0;0m[38;2;0;0;0m▄[0m[48;2;132;107;90m[38;2;255;255;255m▄[0m[48;2;255;255;255m[38;2;255;255;255m▄[0m[48;2;132;107;90m[38;2;132;107;90m▄[0m[48;2;214;189;173m[38;2;173;140;132m▄[0m[48;2;255;255;255m[38;2;255;255;255m▄[0m[48;2;255;255;255m[38;2;255;255;255m▄[0m[48;2;173;140;132m[38;2;214;189;173m▄[0m[48;2;132;107;90m[38;2;132;107;90m▄[0m[48;2;247;99;82m[38;2;247;99;82m▄[0m[48;2;132;107;90m[38;2;247;99;82m▄[0m[48;2;0;0;0m[38;2;0;0;0m▄[0m 
[48;2;0;0;0m[38;2;0;0;0m▄[0m[48;2;255;255;255m[38;2;255;255;255m▄[0m[48;2;255;255;255m[38;2;255;255;255m▄[0m[48;2;255;255;255m[38;2;255;255;255m▄[0m[48;2;255;255;255m[38;2;255;255;255m▄[0m[48;2;132;107;90m[38;2;255;255;255m▄[0m[48;2;132;107;90m[38;2;255;255;255m▄[0m[48;2;132;107;90m[38;2;173;140;132m▄[0m[48;2;132;107;90m[38;2;132;107;90m▄[0m[48;2;247;99;82m[38;2;247;99;82m▄[0m[48;2;247;99;82m[38;2;247;99;82m▄[0m[48;2;247;99;82m[38;2;247;99;82m▄[0m[48;2;247;99;82m[38;2;247;99;82m▄[0m[48;2;0;0;0m[38;2;0;0;0m▄[0m
[48;2;0;0;0m[38;2;0;0;0m▄[0m[48;2;214;189;173m[38;2;132;107;90m▄[0m[48;2;255;255;255m[38;2;214;189;173m▄[0m[48;2;255;255;255m[38;2;255;255;255m▄[0m[48;2;255;255;255m[38;2;255;255;255m▄[0m[48;2;255;255;255m[38;2;255;255;255m▄[0m[48;2;255;255;255m[38;2;255;255;255m▄[0m[48;2;214;189;173m[38;2;255;255;255m▄[0m[48;2;132;107;90m[38;2;132;107;90m▄[0m[48;2;189;99;82m[38;2;132;107;90m▄[0m[48;2;247;99;82m[38;2;247;99;82m▄[0m[48;2;247;99;82m[38;2;247;99;82m▄[0m[48;2;189;99;82m[38;2;132;107;90m▄[0m[48;2;0;0;0m[38;2;0;0;0m▄[0m
 [38;2;0;0;0m▀[0m[48;2;132;107;90m[38;2;0;0;0m▄[0m[48;2;132;107;90m[38;2;0;0;0m▄[0m[48;2;214;189;173m[38;2;132;107;90m▄[0m[48;2;255;255;255m[38;2;132;107;90m▄[0m[48;2;255;255;255m[38;2;132;107;90m▄[0m[48;2;214;189;173m[38;2;132;107;90m▄[0m[48;2;132;107;90m[38;2;132;107;90m▄[0m[48;2;132;107;90m[38;2;132;107;90m▄[0m[48;2;132;107;90m[38;2;0;0;0m▄[0m[48;2;132;107;90m[38;2;0;0;0m▄[0m[38;2;0;0;0m▀[0m 
  [38;2;0;0;0m▄[0m[48;2;0;0;0m[38;2;214;189;173m▄[0m[48;2;0;0;0m[38;2;0;0;0m▄[0m[48;2;65;65;65m[38;2;214;189;173m▄[0m[48;2;65;65;65m[38;2;214;189;173m▄[0m[48;2;65;65;65m[38;2;214;189;173m▄[0m[48;2;65;65;65m[38;2;214;189;173m▄[0m[48;2;0;0;0m[38;2;0;0;0m▄[0m    
   [48;2;0;0;0m[38;2;0;0;0m▄[0m[48;2;132;107;90m[38;2;239;115;156m▄[0m[48;2;239;115;156m[38;2;239;115;156m▄[0m[48;2;255;255;255m[38;2;255;255;255m▄[0m[48;2;0;0;0m[38;2;0;0;0m▄[0m[48;2;214;189;173m[38;2;214;189;173m▄[0m[48;2;132;107;90m[38;2;214;189;173m▄[0m[48;2;0;0;0m[38;2;214;189;173m▄[0m[38;2;0;0;0m▄[0m  
   [38;2;0;0;0m▀[0m[48;2;214;189;173m[38;2;0;0;0m▄[0m[48;2;255;255;255m[38;2;214;189;173m▄[0m[48;2;255;255;255m[38;2;255;255;255m▄[0m[48;2;255;255;255m[38;2;255;255;255m▄[0m[48;2;255;255;255m[38;2;214;189;173m▄[0m[48;2;132;107;90m[38;2;0;0;0m▄[0m[38;2;0;0;0m▀[0m   
     [38;2;0;0;0m▀[0m[38;2;0;0;0m▀[0m[38;2;0;0;0m▀[0m[38;2;0;0;0m▀[0m     
