Lampent
        [38;2;0;0;0m▄[0m[48;2;0;0;0m[38;2;107;107;107m▄[0m[38;2;0;0;0m▄[0m        
      [38;2;0;0;0m▄[0m[38;2;0;0;0m▄[0m[48;2;0;0;0m[38;2;65;65;65m▄[0m[48;2;107;107;107m[38;2;107;107;107m▄[0m[48;2;0;0;0m[38;2;65;65;65m▄[0m[38;2;0;0;0m▄[0m[38;2;0;0;0m▄[0m      
  [38;2;0;0;0m▄[0m[38;2;0;0;0m▄[0m[48;2;0;0;0m[38;2;107;107;107m▄[0m[48;2;0;0;0m[38;2;107;107;107m▄[0m[48;2;107;107;107m[38;2;107;107;107m▄[0m[48;2;107;107;107m[38;2;107;107;107m▄[0m[48;2;65;65;65m[38;2;107;107;107m▄[0m[48;2;65;65;65m[38;2;107;107;107m▄[0m[48;2;65;65;65m[38;2;107;107;107m▄[0m[48;2;107;107;107m[38;2;107;107;107m▄[0m[48;2;107;107;107m[38;2;107;107;107m▄[0m[48;2;0;0;0m[38;2;107;107;107m▄[0m[48;2;0;0;0m[38;2;107;107;107m▄[0m[38;2;0;0;0m▄[0m[38;2;0;0;0m▄[0m  
[38;2;0;0;0m▄[0m[48;2;0;0;0m[38;2;107;107;107m▄[0m[48;2;107;107;107m[38;2;107;107;107m▄[0m[48;2;107;107;107m[38;2;107;107;107m▄[0m[48;2;107;107;107m[38;2;107;107;107m▄[0m[48;2;107;107;107m[38;2;107;107;107m▄[0m[48;2;107;107;107m[38;2;107;107;107m▄[0m[48;2;107;107;107m[38;2;107;107;107m▄[0m[48;2;107;107;107m[38;2;107;107;107m▄[0m[48;2;107;107;107m[38;2;107;107;107m▄[0m[48;2;107;107;107m[38;2;107;107;107m▄[0m[48;2;107;107;107m[38;2;107;107;107m▄[0m[48;2;107;107;107m[38;2;107;107;107m▄[0m[48;2;107;107;107m[38;2;107;107;107m▄[0m[48;2;107;107;107m[38;2;107;107;107m▄[0m[48;2;107;107;107m[38;2;107;107;107m▄[0m[48;2;107;107;107m[38;2;107;107;107m▄[0m[48;2;0;0;0m[38;2;107;107;107m▄[0m[38;2;0;0;0m▄[0m
 [38;2;0;0;0m▀[0m[38;2;0;0;0m▀[0m[48;2;65;65;65m[38;2;0;0;0m▄[0m[48;2;65;65;65m[38;2;0;0;0m▄[0m[48;2;107;107;107m[38;2;90;107;206m▄[0m[48;2;107;107;107m[38;2;255;230;115m▄[0m[48;2;107;107;107m[38;2;65;65;65m▄[0m[48;2;107;107;107m[38;2;65;65;65m▄[0m[48;2;107;107;107m[38;2;65;65;65m▄[0m[48;2;107;107;107m[38;2;65;65;65m▄[0m[48;2;107;107;107m[38;2;65;65;65m▄[0m[48;2;107;107;107m[38;2;65;65;65m▄[0m[48;2;107;107;107m[38;2;90;107;206m▄[0m[48;2;65;65;65m[38;2;0;0;0m▄[0m[48;2;65;65;65m[38;2;0;0;0m▄[0m[38;2;0;0;0m▀[0m[38;2;0;0;0m▀[0m 
[38;2;0;0;0m▄[0m[38;2;0;0;0m▄[0m[38;2;0;0;0m▄[0m [48;2;0;0;0m[38;2;0;0;0m▄[0m[48;2;165;181;247m[38;2;165;181;247m▄[0m[48;2;255;230;115m[38;2;165;181;247m▄[0m[48;2;132;123;230m[38;2;132;123;230m▄[0m[48;2;132;123;230m[38;2;132;123;230m▄[0m[48;2;132;123;230m[38;2;165;181;247m▄[0m[48;2;165;181;247m[38;2;132;123;230m▄[0m[48;2;255;230;115m[38;2;255;230;115m▄[0m[48;2;165;181;247m[38;2;165;181;247m▄[0m[48;2;90;107;206m[38;2;165;181;247m▄[0m[48;2;0;0;0m[38;2;0;0;0m▄[0m    
[38;2;0;0;0m▀[0m[48;2;107;107;107m[38;2;0;0;0m▄[0m[48;2;107;107;107m[38;2;65;65;65m▄[0m[48;2;0;0;0m[38;2;107;107;107m▄[0m[38;2;0;0;0m▄[0m[38;2;0;0;0m▀[0m[48;2;165;181;247m[38;2;0;0;0m▄[0m[48;2;165;181;247m[38;2;90;107;206m▄[0m[48;2;148;123;206m[38;2;148;123;206m▄[0m[48;2;214;206;255m[38;2;148;123;206m▄[0m[48;2;148;123;206m[38;2;148;123;206m▄[0m[48;2;165;181;247m[38;2;90;107;206m▄[0m[48;2;165;181;247m[38;2;0;0;0m▄[0m[38;2;0;0;0m▀[0m [38;2;0;0;0m▄[0m[38;2;0;0;0m▄[0m[38;2;0;0;0m▄[0m[38;2;0;0;0m▄[0m
  [38;2;0;0;0m▀[0m[38;2;0;0;0m▀[0m[48;2;107;107;107m[38;2;0;0;0m▄[0m[48;2;65;65;65m[38;2;0;0;0m▄[0m[48;2;65;65;65m[38;2;0;0;0m▄[0m[48;2;0;0;0m[38;2;0;0;0m▄[0m[48;2;0;0;0m[38;2;65;65;65m▄[0m[48;2;65;65;65m[38;2;107;107;107m▄[0m[48;2;0;0;0m[38;2;65;65;65m▄[0m[48;2;0;0;0m[38;2;65;65;65m▄[0m[38;2;65;65;65m▄[0m[48;2;0;0;0m[38;2;107;107;107m▄[0m[48;2;0;0;0m[38;2;107;107;107m▄[0m[48;2;65;65;65m[38;2;107;107;107m▄[0m[48;2;107;107;107m[38;2;0;0;0m▄[0m[48;2;107;107;107m[38;2;0;0;0m▄[0m[38;2;0;0;0m▀[0m
        [38;2;0;0;0m▀[0m[48;2;107;107;107m[38;2;0;0;0m▄[0m[38;2;0;0;0m▀[0m[38;2;0;0;0m▀[0m[38;2;0;0;0m▀[0m[38;2;0;0;0m▀[0m[38;2;0;0;0m▀[0m[38;2;0;0;0m▀[0m   
