Bunnelby
   [38;2;0;0;0m▄[0m[48;2;0;0;0m[38;2;201;195;190m▄[0m[48;2;0;0;0m[38;2;163;156;149m▄[0m[48;2;0;0;0m[38;2;201;195;190m▄[0m[48;2;0;0;0m[38;2;163;156;149m▄[0m[38;2;0;0;0m▄[0m       
   [48;2;0;0;0m[38;2;0;0;0m▄[0m[48;2;201;195;190m[38;2;201;195;190m▄[0m[48;2;163;156;149m[38;2;201;195;190m▄[0m[48;2;201;195;190m[38;2;201;195;190m▄[0m[48;2;163;156;149m[38;2;201;195;190m▄[0m[48;2;201;195;190m[38;2;201;195;190m▄[0m[48;2;0;0;0m[38;2;65;65;65m▄[0m[48;2;0;0;0m[38;2;224;220;217m▄[0m[48;2;0;0;0m[38;2;163;156;149m▄[0m[38;2;0;0;0m▄[0m   
    [48;2;0;0;0m[38;2;0;0;0m▄[0m[48;2;201;195;190m[38;2;106;108;106m▄[0m[48;2;201;195;190m[38;2;106;108;106m▄[0m[48;2;201;195;190m[38;2;106;108;106m▄[0m[48;2;65;65;65m[38;2;65;65;65m▄[0m[48;2;224;220;217m[38;2;224;220;217m▄[0m[48;2;163;156;149m[38;2;163;156;149m▄[0m[48;2;163;156;149m[38;2;224;220;217m▄[0m[48;2;224;220;217m[38;2;224;220;217m▄[0m[48;2;0;0;0m[38;2;0;0;0m▄[0m  
     [38;2;0;0;0m▀[0m[48;2;106;108;106m[38;2;0;0;0m▄[0m[48;2;197;123;107m[38;2;197;123;107m▄[0m[48;2;65;65;65m[38;2;106;108;106m▄[0m[48;2;224;220;217m[38;2;65;65;65m▄[0m[48;2;224;220;217m[38;2;255;178;140m▄[0m[48;2;224;220;217m[38;2;224;220;217m▄[0m[48;2;224;220;217m[38;2;0;0;0m▄[0m[38;2;0;0;0m▀[0m  
     [38;2;0;0;0m▄[0m[48;2;0;0;0m[38;2;65;65;65m▄[0m[48;2;106;108;106m[38;2;149;151;142m▄[0m[48;2;106;108;106m[38;2;65;65;65m▄[0m[48;2;65;65;65m[38;2;197;123;107m▄[0m[48;2;255;178;140m[38;2;149;151;142m▄[0m[48;2;149;151;142m[38;2;0;0;0m▄[0m[38;2;0;0;0m▀[0m   
   [38;2;0;0;0m▄[0m[48;2;0;0;0m[38;2;214;214;214m▄[0m[48;2;149;151;142m[38;2;149;151;142m▄[0m[48;2;149;151;142m[38;2;149;151;142m▄[0m[48;2;149;151;142m[38;2;214;214;214m▄[0m[48;2;149;151;142m[38;2;106;108;106m▄[0m[48;2;149;151;142m[38;2;149;151;142m▄[0m[48;2;0;0;0m[38;2;0;0;0m▄[0m     
[38;2;0;0;0m▄[0m[48;2;0;0;0m[38;2;149;151;142m▄[0m[48;2;0;0;0m[38;2;149;151;142m▄[0m[48;2;0;0;0m[38;2;106;108;106m▄[0m[48;2;255;255;255m[38;2;149;151;142m▄[0m[48;2;149;151;142m[38;2;149;151;142m▄[0m[48;2;214;214;214m[38;2;255;255;255m▄[0m[48;2;255;255;255m[38;2;103;11;7m▄[0m[48;2;214;214;214m[38;2;255;255;255m▄[0m[48;2;106;108;106m[38;2;106;108;106m▄[0m[48;2;0;0;0m[38;2;0;0;0m▄[0m     
 [38;2;0;0;0m▀[0m[48;2;0;0;0m[38;2;0;0;0m▄[0m[48;2;149;151;142m[38;2;149;151;142m▄[0m[48;2;255;178;140m[38;2;65;65;65m▄[0m[48;2;149;151;142m[38;2;149;151;142m▄[0m[48;2;255;255;255m[38;2;149;151;142m▄[0m[48;2;171;19;11m[38;2;255;255;255m▄[0m[48;2;255;255;255m[38;2;106;108;106m▄[0m[48;2;65;65;65m[38;2;149;151;142m▄[0m[48;2;65;65;65m[38;2;149;151;142m▄[0m[48;2;0;0;0m[38;2;65;65;65m▄[0m[38;2;0;0;0m▄[0m   
   [38;2;0;0;0m▀[0m[48;2;106;108;106m[38;2;0;0;0m▄[0m[48;2;65;65;65m[38;2;255;255;255m▄[0m[48;2;149;151;142m[38;2;65;65;65m▄[0m[48;2;149;151;142m[38;2;65;65;65m▄[0m[48;2;149;151;142m[38;2;65;65;65m▄[0m[48;2;65;65;65m[38;2;224;220;217m▄[0m[48;2;65;65;65m[38;2;224;220;217m▄[0m[48;2;201;195;190m[38;2;0;0;0m▄[0m[38;2;0;0;0m▀[0m[38;2;0;0;0m▄[0m[38;2;0;0;0m▄[0m 
    [38;2;0;0;0m▄[0m[48;2;0;0;0m[38;2;149;151;142m▄[0m[48;2;201;195;190m[38;2;65;65;65m▄[0m[48;2;224;220;217m[38;2;65;65;65m▄[0m[48;2;201;195;190m[38;2;65;65;65m▄[0m[48;2;201;195;190m[38;2;65;65;65m▄[0m[48;2;65;65;65m[38;2;106;108;106m▄[0m[48;2;106;108;106m[38;2;149;151;142m▄[0m[48;2;0;0;0m[38;2;149;151;142m▄[0m[48;2;106;108;106m[38;2;65;65;65m▄[0m[48;2;106;108;106m[38;2;0;0;0m▄[0m[38;2;0;0;0m▀[0m
    [38;2;0;0;0m▄[0m[48;2;0;0;0m[38;2;163;156;149m▄[0m[48;2;65;65;65m[38;2;163;156;149m▄[0m[48;2;149;151;142m[38;2;65;65;65m▄[0m[48;2;65;65;65m[38;2;0;0;0m▄[0m[48;2;106;108;106m[38;2;65;65;65m▄[0m[48;2;149;151;142m[38;2;149;151;142m▄[0m[48;2;149;151;142m[38;2;149;151;142m▄[0m[48;2;149;151;142m[38;2;65;65;65m▄[0m[48;2;0;0;0m[38;2;0;0;0m▄[0m  
     [38;2;0;0;0m▀[0m[38;2;0;0;0m▀[0m[38;2;0;0;0m▀[0m[38;2;0;0;0m▄[0m[48;2;0;0;0m[38;2;224;220;217m▄[0m[48;2;65;65;65m[38;2;201;195;190m▄[0m[48;2;65;65;65m[38;2;224;220;217m▄[0m[48;2;0;0;0m[38;2;0;0;0m▄[0m   
         [38;2;0;0;0m▀[0m[38;2;0;0;0m▀[0m[38;2;0;0;0m▀[0m    
