Fletchinder
                [38;2;0;0;0m▄[0m[48;2;0;0;0m[38;2;111;75;75m▄[0m[48;2;0;0;0m[38;2;0;0;0m▄[0m [38;2;0;0;0m▄[0m[38;2;0;0;0m▄[0m
               [48;2;0;0;0m[38;2;0;0;0m▄[0m[48;2;255;255;255m[38;2;255;255;255m▄[0m[48;2;111;75;75m[38;2;111;75;75m▄[0m[48;2;0;0;0m[38;2;111;75;75m▄[0m[48;2;0;0;0m[38;2;111;75;75m▄[0m[48;2;111;75;75m[38;2;111;75;75m▄[0m[48;2;0;0;0m[38;2;0;0;0m▄[0m
     [38;2;0;0;0m▄[0m[38;2;0;0;0m▄[0m[48;2;0;0;0m[38;2;224;109;77m▄[0m[48;2;0;0;0m[38;2;224;109;77m▄[0m[48;2;0;0;0m[38;2;224;109;77m▄[0m[48;2;0;0;0m[38;2;224;109;77m▄[0m[48;2;0;0;0m[38;2;0;0;0m▄[0m [38;2;0;0;0m▄[0m[48;2;0;0;0m[38;2;0;0;0m▄[0m[48;2;255;255;255m[38;2;255;255;255m▄[0m[48;2;111;75;75m[38;2;111;75;75m▄[0m[48;2;244;195;144m[38;2;111;75;75m▄[0m[48;2;255;255;255m[38;2;111;75;75m▄[0m[48;2;255;255;255m[38;2;111;75;75m▄[0m[48;2;111;75;75m[38;2;0;0;0m▄[0m[38;2;0;0;0m▀[0m
   [38;2;0;0;0m▄[0m[48;2;0;0;0m[38;2;224;109;77m▄[0m[48;2;224;109;77m[38;2;224;109;77m▄[0m[48;2;224;109;77m[38;2;224;109;77m▄[0m[48;2;224;109;77m[38;2;224;109;77m▄[0m[48;2;224;109;77m[38;2;224;109;77m▄[0m[48;2;224;109;77m[38;2;224;109;77m▄[0m[48;2;0;0;0m[38;2;224;109;77m▄[0m[38;2;0;0;0m▄[0m [48;2;0;0;0m[38;2;0;0;0m▄[0m[48;2;111;75;75m[38;2;65;65;65m▄[0m[48;2;65;65;65m[38;2;111;75;75m▄[0m[48;2;244;195;144m[38;2;111;75;75m▄[0m[48;2;255;255;255m[38;2;111;75;75m▄[0m[48;2;255;255;255m[38;2;111;75;75m▄[0m[48;2;111;75;75m[38;2;0;0;0m▄[0m[38;2;0;0;0m▀[0m 
  [38;2;0;0;0m▄[0m[48;2;0;0;0m[38;2;224;109;77m▄[0m[48;2;224;109;77m[38;2;224;109;77m▄[0m[48;2;224;109;77m[38;2;224;109;77m▄[0m[48;2;224;109;77m[38;2;224;109;77m▄[0m[48;2;224;109;77m[38;2;224;109;77m▄[0m[48;2;224;109;77m[38;2;200;77;46m▄[0m[48;2;224;109;77m[38;2;255;197;82m▄[0m[48;2;224;109;77m[38;2;224;109;77m▄[0m[48;2;200;77;46m[38;2;224;109;77m▄[0m[48;2;0;0;0m[38;2;224;109;77m▄[0m[48;2;200;77;46m[38;2;224;109;77m▄[0m[48;2;224;109;77m[38;2;200;77;46m▄[0m[48;2;200;77;46m[38;2;65;65;65m▄[0m[48;2;111;75;75m[38;2;65;65;65m▄[0m[48;2;111;75;75m[38;2;65;65;65m▄[0m[48;2;65;65;65m[38;2;148;123;58m▄[0m[48;2;0;0;0m[38;2;255;197;82m▄[0m[48;2;0;0;0m[38;2;0;0;0m▄[0m[38;2;0;0;0m▄[0m
 [38;2;0;0;0m▄[0m[48;2;0;0;0m[38;2;111;75;75m▄[0m[48;2;224;109;77m[38;2;65;65;65m▄[0m[48;2;224;109;77m[38;2;65;65;65m▄[0m[48;2;168;64;54m[38;2;200;77;46m▄[0m[48;2;224;109;77m[38;2;255;255;255m▄[0m[48;2;0;0;0m[38;2;65;65;65m▄[0m[48;2;255;197;82m[38;2;255;197;82m▄[0m[48;2;255;197;82m[38;2;224;109;77m▄[0m[48;2;224;109;77m[38;2;224;109;77m▄[0m[48;2;224;109;77m[38;2;224;109;77m▄[0m[48;2;224;109;77m[38;2;65;65;65m▄[0m[48;2;65;65;65m[38;2;111;75;75m▄[0m[48;2;65;65;65m[38;2;111;75;75m▄[0m[48;2;111;75;75m[38;2;111;75;75m▄[0m[48;2;111;75;75m[38;2;111;75;75m▄[0m[48;2;255;197;82m[38;2;111;75;75m▄[0m[48;2;255;197;82m[38;2;255;197;82m▄[0m[48;2;255;197;82m[38;2;255;197;82m▄[0m[48;2;255;197;82m[38;2;0;0;0m▄[0m[38;2;0;0;0m▀[0m
[38;2;0;0;0m▀[0m[38;2;111;75;75m▀[0m[38;2;0;0;0m▀[0m[38;2;0;0;0m▀[0m[48;2;224;109;77m[38;2;0;0;0m▄[0m[48;2;224;109;77m[38;2;200;77;46m▄[0m[48;2;65;65;65m[38;2;224;109;77m▄[0m[48;2;65;65;65m[38;2;224;109;77m▄[0m[48;2;224;109;77m[38;2;244;195;144m▄[0m[48;2;224;109;77m[38;2;244;195;144m▄[0m[48;2;224;109;77m[38;2;224;109;77m▄[0m[48;2;65;65;65m[38;2;65;65;65m▄[0m[48;2;111;75;75m[38;2;111;75;75m▄[0m[48;2;111;75;75m[38;2;111;75;75m▄[0m[48;2;111;75;75m[38;2;111;75;75m▄[0m[48;2;111;75;75m[38;2;111;75;75m▄[0m[48;2;111;75;75m[38;2;111;75;75m▄[0m[48;2;255;197;82m[38;2;148;123;58m▄[0m[48;2;255;197;82m[38;2;0;0;0m▄[0m[38;2;0;0;0m▀[0m  
    [38;2;0;0;0m▀[0m[48;2;111;75;75m[38;2;0;0;0m▄[0m[48;2;244;195;144m[38;2;209;154;113m▄[0m[48;2;224;109;77m[38;2;244;195;144m▄[0m[48;2;224;109;77m[38;2;224;109;77m▄[0m[48;2;244;195;144m[38;2;244;195;144m▄[0m[48;2;244;195;144m[38;2;244;195;144m▄[0m[48;2;244;195;144m[38;2;244;195;144m▄[0m[48;2;65;65;65m[38;2;244;195;144m▄[0m[48;2;111;75;75m[38;2;65;65;65m▄[0m[48;2;111;75;75m[38;2;0;0;0m▄[0m[48;2;111;75;75m[38;2;0;0;0m▄[0m[38;2;0;0;0m▀[0m[38;2;0;0;0m▀[0m    
      [48;2;0;0;0m[38;2;0;0;0m▄[0m[48;2;65;65;65m[38;2;0;0;0m▄[0m[48;2;244;195;144m[38;2;0;0;0m▄[0m[48;2;209;154;113m[38;2;65;65;65m▄[0m[48;2;168;120;93m[38;2;244;195;144m▄[0m[48;2;244;195;144m[38;2;65;65;65m▄[0m[48;2;168;120;93m[38;2;111;75;75m▄[0m[48;2;244;195;144m[38;2;0;0;0m▄[0m[48;2;0;0;0m[38;2;0;0;0m▄[0m       
         [38;2;0;0;0m▀[0m[48;2;0;0;0m[38;2;0;0;0m▄[0m[48;2;111;75;75m[38;2;0;0;0m▄[0m[38;2;0;0;0m▀[0m         
