Skiddo
 [38;2;0;0;0m▄[0m[48;2;0;0;0m[38;2;255;230;88m▄[0m[48;2;0;0;0m[38;2;239;196;87m▄[0m[38;2;0;0;0m▄[0m  [38;2;0;0;0m▄[0m[38;2;0;0;0m▄[0m[38;2;0;0;0m▄[0m       
 [38;2;0;0;0m▄[0m[48;2;0;0;0m[38;2;0;0;0m▄[0m[48;2;255;230;88m[38;2;65;65;65m▄[0m[48;2;239;196;87m[38;2;255;230;88m▄[0m[48;2;0;0;0m[38;2;221;162;23m▄[0m[48;2;0;0;0m[38;2;255;230;88m▄[0m[48;2;239;196;87m[38;2;255;230;88m▄[0m[48;2;255;230;88m[38;2;0;0;0m▄[0m[48;2;255;230;88m[38;2;0;0;0m▄[0m[38;2;0;0;0m▀[0m [38;2;0;0;0m▄[0m[38;2;0;0;0m▄[0m   
[48;2;0;0;0m[38;2;0;0;0m▄[0m[48;2;218;187;158m[38;2;218;187;158m▄[0m[48;2;218;187;158m[38;2;65;65;65m▄[0m[48;2;65;65;65m[38;2;218;187;158m▄[0m[48;2;221;162;23m[38;2;175;134;96m▄[0m[48;2;221;162;23m[38;2;175;134;96m▄[0m[48;2;255;230;88m[38;2;65;65;65m▄[0m[48;2;65;65;65m[38;2;218;187;158m▄[0m[48;2;0;0;0m[38;2;218;187;158m▄[0m[38;2;0;0;0m▄[0m[38;2;0;0;0m▄[0m[48;2;0;0;0m[38;2;89;148;0m▄[0m[48;2;163;206;0m[38;2;89;148;0m▄[0m[48;2;0;0;0m[38;2;163;206;0m▄[0m[48;2;0;0;0m[38;2;163;206;0m▄[0m[48;2;0;0;0m[38;2;0;0;0m▄[0m 
 [48;2;0;0;0m[38;2;0;0;0m▄[0m[48;2;218;187;158m[38;2;218;187;158m▄[0m[48;2;218;187;158m[38;2;218;187;158m▄[0m[48;2;218;187;158m[38;2;218;187;158m▄[0m[48;2;218;187;158m[38;2;218;187;158m▄[0m[48;2;218;187;158m[38;2;218;187;158m▄[0m[48;2;218;187;158m[38;2;218;187;158m▄[0m[48;2;218;187;158m[38;2;175;134;96m▄[0m[48;2;65;65;65m[38;2;255;255;255m▄[0m[48;2;89;148;0m[38;2;89;148;0m▄[0m[48;2;89;148;0m[38;2;218;187;158m▄[0m[48;2;218;187;158m[38;2;218;187;158m▄[0m[48;2;89;148;0m[38;2;218;187;158m▄[0m[48;2;0;0;0m[38;2;218;187;158m▄[0m[38;2;0;0;0m▄[0m 
[48;2;0;0;0m[38;2;0;0;0m▄[0m[48;2;218;187;158m[38;2;175;134;96m▄[0m[48;2;218;187;158m[38;2;205;171;139m▄[0m[48;2;218;187;158m[38;2;218;187;158m▄[0m[48;2;218;187;158m[38;2;255;255;255m▄[0m[48;2;255;255;255m[38;2;0;0;0m▄[0m[48;2;218;187;158m[38;2;255;255;255m▄[0m[48;2;255;255;255m[38;2;255;255;255m▄[0m[48;2;255;255;255m[38;2;189;189;189m▄[0m[48;2;189;189;189m[38;2;89;148;0m▄[0m[48;2;163;206;0m[38;2;163;206;0m▄[0m[48;2;89;148;0m[38;2;89;148;0m▄[0m[48;2;218;187;158m[38;2;218;187;158m▄[0m[48;2;218;187;158m[38;2;218;187;158m▄[0m[48;2;218;187;158m[38;2;218;187;158m▄[0m[48;2;218;187;158m[38;2;0;0;0m▄[0m[48;2;0;0;0m[38;2;0;0;0m▄[0m
[38;2;0;0;0m▀[0m[48;2;255;213;54m[38;2;0;0;0m▄[0m[48;2;221;162;23m[38;2;255;255;255m▄[0m[48;2;255;255;255m[38;2;255;255;255m▄[0m[48;2;255;255;255m[38;2;255;255;255m▄[0m[48;2;65;65;65m[38;2;255;255;255m▄[0m[48;2;255;255;255m[38;2;255;255;255m▄[0m[48;2;255;255;255m[38;2;89;148;0m▄[0m[48;2;89;148;0m[38;2;163;206;0m▄[0m[48;2;163;206;0m[38;2;163;206;0m▄[0m[48;2;89;148;0m[38;2;89;148;0m▄[0m[48;2;218;187;158m[38;2;175;134;96m▄[0m[48;2;218;187;158m[38;2;218;187;158m▄[0m[48;2;218;187;158m[38;2;175;134;96m▄[0m[48;2;175;134;96m[38;2;175;134;96m▄[0m[48;2;0;0;0m[38;2;189;189;189m▄[0m[38;2;0;0;0m▄[0m
  [48;2;0;0;0m[38;2;0;0;0m▄[0m[48;2;65;65;65m[38;2;89;148;0m▄[0m[48;2;65;65;65m[38;2;163;206;0m▄[0m[48;2;189;189;189m[38;2;163;206;0m▄[0m[48;2;89;148;0m[38;2;163;206;0m▄[0m[48;2;163;206;0m[38;2;89;148;0m▄[0m[48;2;89;148;0m[38;2;89;148;0m▄[0m[48;2;89;148;0m[38;2;175;134;96m▄[0m[48;2;175;134;96m[38;2;0;0;0m▄[0m[48;2;175;134;96m[38;2;0;0;0m▄[0m[48;2;0;0;0m[38;2;0;0;0m▄[0m[38;2;0;0;0m▀[0m[48;2;175;134;96m[38;2;0;0;0m▄[0m[48;2;189;189;189m[38;2;207;58;102m▄[0m[48;2;0;0;0m[38;2;0;0;0m▄[0m
   [48;2;0;0;0m[38;2;0;0;0m▄[0m[48;2;65;65;65m[38;2;207;58;102m▄[0m[48;2;163;206;0m[38;2;0;0;0m▄[0m[38;2;0;0;0m▀[0m[48;2;175;134;96m[38;2;0;0;0m▄[0m[48;2;218;187;158m[38;2;189;189;189m▄[0m[48;2;0;0;0m[38;2;0;0;0m▄[0m[38;2;0;0;0m▀[0m   [38;2;0;0;0m▀[0m[38;2;0;0;0m▀[0m 
   [38;2;0;0;0m▀[0m[38;2;0;0;0m▀[0m  [48;2;0;0;0m[38;2;0;0;0m▄[0m[48;2;207;58;102m[38;2;0;0;0m▄[0m[38;2;0;0;0m▀[0m       
