Espurr
  [38;2;0;0;0m▄[0m[48;2;0;0;0m[38;2;140;140;156m▄[0m[48;2;0;0;0m[38;2;140;140;156m▄[0m[38;2;0;0;0m▄[0m[38;2;0;0;0m▄[0m[48;2;0;0;0m[38;2;165;165;181m▄[0m[48;2;0;0;0m[38;2;0;0;0m▄[0m       
 [48;2;0;0;0m[38;2;0;0;0m▄[0m[48;2;140;140;156m[38;2;140;140;156m▄[0m[48;2;140;140;156m[38;2;140;140;156m▄[0m[48;2;99;90;107m[38;2;99;90;107m▄[0m[48;2;165;165;181m[38;2;165;165;181m▄[0m[48;2;99;90;107m[38;2;165;165;181m▄[0m[48;2;165;165;181m[38;2;165;165;181m▄[0m[48;2;99;90;107m[38;2;123;123;148m▄[0m[48;2;0;0;0m[38;2;165;165;181m▄[0m[38;2;0;0;0m▄[0m[48;2;0;0;0m[38;2;123;123;148m▄[0m[48;2;0;0;0m[38;2;165;165;181m▄[0m[48;2;0;0;0m[38;2;165;165;181m▄[0m[38;2;0;0;0m▄[0m 
[48;2;0;0;0m[38;2;0;0;0m▄[0m[48;2;197;206;197m[38;2;0;0;0m▄[0m[48;2;197;206;197m[38;2;99;90;107m▄[0m[48;2;99;90;107m[38;2;165;165;181m▄[0m[48;2;123;123;148m[38;2;165;165;181m▄[0m[48;2;99;90;107m[38;2;165;165;181m▄[0m[48;2;165;165;181m[38;2;165;165;181m▄[0m[48;2;165;165;181m[38;2;165;165;181m▄[0m[48;2;165;165;181m[38;2;165;165;181m▄[0m[48;2;99;90;107m[38;2;99;90;107m▄[0m[48;2;165;165;181m[38;2;165;165;181m▄[0m[48;2;165;165;181m[38;2;165;165;181m▄[0m[48;2;165;165;181m[38;2;165;165;181m▄[0m[48;2;165;165;181m[38;2;165;165;181m▄[0m[48;2;165;165;181m[38;2;197;206;197m▄[0m[48;2;0;0;0m[38;2;0;0;0m▄[0m
 [38;2;0;0;0m▀[0m[48;2;255;255;255m[38;2;0;0;0m▄[0m[48;2;197;90;247m[38;2;197;90;247m▄[0m[48;2;165;165;181m[38;2;165;165;181m▄[0m[48;2;165;165;181m[38;2;165;165;181m▄[0m[48;2;165;165;181m[38;2;165;165;181m▄[0m[48;2;165;165;181m[38;2;255;255;255m▄[0m[48;2;165;165;181m[38;2;197;90;247m▄[0m[48;2;165;165;181m[38;2;165;165;181m▄[0m[48;2;165;165;181m[38;2;165;165;181m▄[0m[48;2;99;90;107m[38;2;165;165;181m▄[0m[48;2;197;206;197m[38;2;99;90;107m▄[0m[48;2;255;255;255m[38;2;0;0;0m▄[0m[48;2;255;255;255m[38;2;0;0;0m▄[0m[38;2;0;0;0m▀[0m
 [38;2;0;0;0m▀[0m[48;2;123;123;148m[38;2;0;0;0m▄[0m[48;2;165;165;181m[38;2;165;165;181m▄[0m[48;2;123;123;148m[38;2;165;165;181m▄[0m[48;2;165;165;181m[38;2;165;165;181m▄[0m[48;2;165;165;181m[38;2;165;165;181m▄[0m[48;2;0;0;0m[38;2;165;165;181m▄[0m[48;2;107;74;132m[38;2;197;90;247m▄[0m[48;2;197;90;247m[38;2;165;165;181m▄[0m[48;2;165;165;181m[38;2;165;165;181m▄[0m[48;2;165;165;181m[38;2;99;90;107m▄[0m[48;2;165;165;181m[38;2;99;90;107m▄[0m[48;2;0;0;0m[38;2;0;0;0m▄[0m  
   [38;2;0;0;0m▀[0m[38;2;0;0;0m▀[0m[48;2;165;165;181m[38;2;0;0;0m▄[0m[48;2;165;165;181m[38;2;123;123;148m▄[0m[48;2;165;165;181m[38;2;123;123;148m▄[0m[48;2;165;165;181m[38;2;99;90;107m▄[0m[48;2;99;90;107m[38;2;99;90;107m▄[0m[48;2;123;123;148m[38;2;0;0;0m▄[0m[48;2;165;165;181m[38;2;0;0;0m▄[0m[38;2;0;0;0m▀[0m   
    [38;2;0;0;0m▀[0m[48;2;123;123;148m[38;2;0;0;0m▄[0m[48;2;123;123;148m[38;2;165;165;181m▄[0m[48;2;123;123;148m[38;2;123;123;148m▄[0m[48;2;123;123;148m[38;2;165;165;181m▄[0m[48;2;0;0;0m[38;2;255;255;255m▄[0m[38;2;0;0;0m▄[0m     
    [48;2;0;0;0m[38;2;0;0;0m▄[0m[48;2;165;165;181m[38;2;123;123;148m▄[0m[48;2;165;165;181m[38;2;165;165;181m▄[0m[48;2;165;165;181m[38;2;165;165;181m▄[0m[48;2;99;90;107m[38;2;165;165;181m▄[0m[48;2;0;0;0m[38;2;0;0;0m▄[0m[38;2;0;0;0m▀[0m     
     [38;2;0;0;0m▀[0m[38;2;0;0;0m▀[0m[48;2;255;255;255m[38;2;0;0;0m▄[0m[48;2;123;123;148m[38;2;0;0;0m▄[0m[38;2;0;0;0m▀[0m      
