Binacle
[38;2;0;0;0m▄[0m[38;2;0;0;0m▄[0m [48;2;0;0;0m[38;2;0;0;0m▄[0m[48;2;0;0;0m[38;2;206;181;82m▄[0m[38;2;0;0;0m▄[0m          
[48;2;0;0;0m[38;2;0;0;0m▄[0m[48;2;230;230;148m[38;2;140;107;58m▄[0m[48;2;0;0;0m[38;2;206;181;82m▄[0m[48;2;0;0;0m[38;2;140;107;58m▄[0m[48;2;230;230;148m[38;2;230;230;148m▄[0m[48;2;0;0;0m[38;2;206;181;82m▄[0m[38;2;0;0;0m▄[0m[48;2;0;0;0m[38;2;230;230;148m▄[0m[38;2;0;0;0m▄[0m       
 [48;2;0;0;0m[38;2;0;0;0m▄[0m[48;2;206;181;82m[38;2;206;90;66m▄[0m[48;2;140;107;58m[38;2;65;65;65m▄[0m[48;2;230;230;148m[38;2;230;230;148m▄[0m[48;2;230;230;148m[38;2;140;107;58m▄[0m[48;2;140;107;58m[38;2;206;181;82m▄[0m[48;2;230;230;148m[38;2;230;230;148m▄[0m[48;2;0;0;0m[38;2;0;0;0m▄[0m  [38;2;0;0;0m▄[0m    
[48;2;0;0;0m[38;2;0;0;0m▄[0m[48;2;140;107;58m[38;2;181;181;197m▄[0m[48;2;140;107;58m[38;2;115;90;58m▄[0m[48;2;247;132;74m[38;2;140;107;58m▄[0m[48;2;206;90;66m[38;2;140;107;58m▄[0m[48;2;140;107;58m[38;2;247;132;74m▄[0m[48;2;230;230;148m[38;2;206;90;66m▄[0m[48;2;206;181;82m[38;2;0;0;0m▄[0m[38;2;0;0;0m▀[0m[38;2;0;0;0m▄[0m[48;2;0;0;0m[38;2;65;65;65m▄[0m[48;2;206;181;82m[38;2;230;230;148m▄[0m[48;2;0;0;0m[38;2;0;0;0m▄[0m [38;2;0;0;0m▄[0m 
[48;2;0;0;0m[38;2;0;0;0m▄[0m[48;2;255;255;255m[38;2;140;107;58m▄[0m[48;2;140;107;58m[38;2;247;132;74m▄[0m[48;2;115;90;58m[38;2;181;181;197m▄[0m[48;2;115;90;58m[38;2;255;255;255m▄[0m[48;2;140;107;58m[38;2;115;90;58m▄[0m[48;2;140;107;58m[38;2;115;90;58m▄[0m[48;2;115;90;58m[38;2;115;90;58m▄[0m[48;2;0;0;0m[38;2;65;65;65m▄[0m[48;2;206;181;82m[38;2;206;181;82m▄[0m[48;2;65;65;65m[38;2;65;65;65m▄[0m[48;2;230;230;148m[38;2;230;230;148m▄[0m[48;2;206;181;82m[38;2;230;230;148m▄[0m[48;2;65;65;65m[38;2;65;65;65m▄[0m[48;2;230;230;148m[38;2;230;230;148m▄[0m[48;2;0;0;0m[38;2;0;0;0m▄[0m
[38;2;0;0;0m▀[0m[48;2;247;132;74m[38;2;0;0;0m▄[0m[48;2;247;132;74m[38;2;247;132;74m▄[0m[48;2;255;255;255m[38;2;140;107;58m▄[0m[48;2;0;0;0m[38;2;140;107;58m▄[0m[48;2;140;107;58m[38;2;247;132;74m▄[0m[48;2;140;107;58m[38;2;140;107;58m▄[0m[48;2;65;65;65m[38;2;65;65;65m▄[0m[48;2;206;90;66m[38;2;140;107;58m▄[0m[48;2;65;65;65m[38;2;140;107;58m▄[0m[48;2;206;181;82m[38;2;247;132;74m▄[0m[48;2;230;230;148m[38;2;206;90;66m▄[0m[48;2;65;65;65m[38;2;206;90;66m▄[0m[48;2;206;181;82m[38;2;230;230;148m▄[0m[48;2;206;181;82m[38;2;0;0;0m▄[0m[38;2;0;0;0m▀[0m
 [38;2;0;0;0m▀[0m[48;2;65;65;65m[38;2;0;0;0m▄[0m[48;2;140;107;58m[38;2;65;65;65m▄[0m[48;2;140;107;58m[38;2;65;65;65m▄[0m[48;2;140;107;58m[38;2;65;65;65m▄[0m[48;2;115;90;58m[38;2;65;65;65m▄[0m[48;2;65;65;65m[38;2;65;65;65m▄[0m[48;2;181;181;197m[38;2;255;255;255m▄[0m[48;2;115;90;58m[38;2;140;107;58m▄[0m[48;2;140;107;58m[38;2;115;90;58m▄[0m[48;2;140;107;58m[38;2;115;90;58m▄[0m[48;2;247;132;74m[38;2;115;90;58m▄[0m[48;2;65;65;65m[38;2;206;90;66m▄[0m[48;2;206;90;66m[38;2;115;90;58m▄[0m[48;2;0;0;0m[38;2;0;0;0m▄[0m
 [38;2;0;0;0m▄[0m[48;2;0;0;0m[38;2;65;65;65m▄[0m[48;2;181;181;197m[38;2;247;132;74m▄[0m[48;2;206;90;66m[38;2;255;255;255m▄[0m[48;2;206;90;66m[38;2;255;255;255m▄[0m[48;2;181;181;197m[38;2;247;132;74m▄[0m[48;2;65;65;65m[38;2;65;65;65m▄[0m[48;2;140;107;58m[38;2;247;132;74m▄[0m[48;2;247;132;74m[38;2;247;132;74m▄[0m[48;2;0;0;0m[38;2;255;255;255m▄[0m[48;2;255;255;255m[38;2;181;181;197m▄[0m[48;2;140;107;58m[38;2;140;107;58m▄[0m[48;2;140;107;58m[38;2;140;107;58m▄[0m[48;2;140;107;58m[38;2;0;0;0m▄[0m[38;2;0;0;0m▀[0m
 [48;2;0;0;0m[38;2;0;0;0m▄[0m[48;2;65;65;65m[38;2;123;123;148m▄[0m[48;2;65;65;65m[38;2;65;65;65m▄[0m[48;2;247;132;74m[38;2;65;65;65m▄[0m[48;2;247;132;74m[38;2;65;65;65m▄[0m[48;2;65;65;65m[38;2;65;65;65m▄[0m[48;2;65;65;65m[38;2;189;189;206m▄[0m[48;2;65;65;65m[38;2;206;90;66m▄[0m[48;2;247;132;74m[38;2;65;65;65m▄[0m[48;2;140;107;58m[38;2;65;65;65m▄[0m[48;2;140;107;58m[38;2;65;65;65m▄[0m[48;2;247;132;74m[38;2;65;65;65m▄[0m[48;2;65;65;65m[38;2;0;0;0m▄[0m[38;2;0;0;0m▀[0m 
 [38;2;0;0;0m▀[0m[48;2;123;123;148m[38;2;0;0;0m▄[0m[48;2;123;123;148m[38;2;123;123;148m▄[0m[48;2;189;189;206m[38;2;123;123;148m▄[0m[48;2;189;189;206m[38;2;189;189;206m▄[0m[48;2;189;189;206m[38;2;65;65;65m▄[0m[48;2;189;189;206m[38;2;189;189;206m▄[0m[48;2;65;65;65m[38;2;65;65;65m▄[0m[48;2;206;90;66m[38;2;65;65;65m▄[0m[48;2;189;189;206m[38;2;206;90;66m▄[0m[48;2;189;189;206m[38;2;206;90;66m▄[0m[48;2;206;90;66m[38;2;65;65;65m▄[0m[48;2;65;65;65m[38;2;65;65;65m▄[0m[48;2;0;0;0m[38;2;0;0;0m▄[0m 
  [38;2;0;0;0m▀[0m[48;2;123;123;148m[38;2;0;0;0m▄[0m[48;2;123;123;148m[38;2;0;0;0m▄[0m[48;2;123;123;148m[38;2;0;0;0m▄[0m[48;2;123;123;148m[38;2;0;0;0m▄[0m[48;2;123;123;148m[38;2;123;123;148m▄[0m[48;2;189;189;206m[38;2;123;123;148m▄[0m[48;2;65;65;65m[38;2;123;123;148m▄[0m[48;2;65;65;65m[38;2;123;123;148m▄[0m[48;2;65;65;65m[38;2;123;123;148m▄[0m[48;2;65;65;65m[38;2;123;123;148m▄[0m[48;2;123;123;148m[38;2;0;0;0m▄[0m[38;2;0;0;0m▀[0m 
       [38;2;0;0;0m▀[0m[48;2;123;123;148m[38;2;0;0;0m▄[0m[48;2;123;123;148m[38;2;0;0;0m▄[0m[48;2;123;123;148m[38;2;0;0;0m▄[0m[48;2;123;123;148m[38;2;0;0;0m▄[0m[38;2;0;0;0m▀[0m   
