Noibat
          [38;2;0;0;0m▄[0m[38;2;0;0;0m▄[0m[48;2;0;0;0m[38;2;72;67;77m▄[0m[48;2;0;0;0m[38;2;0;0;0m▄[0m       
       [38;2;0;0;0m▄[0m[48;2;0;0;0m[38;2;72;67;77m▄[0m[48;2;0;0;0m[38;2;80;131;107m▄[0m[48;2;72;67;77m[38;2;116;216;168m▄[0m[48;2;72;67;77m[38;2;72;67;77m▄[0m[48;2;72;67;77m[38;2;0;0;0m▄[0m[38;2;0;0;0m▀[0m[38;2;0;0;0m▄[0m[38;2;0;0;0m▄[0m[38;2;0;0;0m▄[0m[48;2;0;0;0m[38;2;72;67;77m▄[0m[48;2;0;0;0m[38;2;0;0;0m▄[0m  
      [38;2;0;0;0m▄[0m[48;2;0;0;0m[38;2;72;67;77m▄[0m[48;2;80;131;107m[38;2;116;216;168m▄[0m[48;2;116;216;168m[38;2;116;216;168m▄[0m[48;2;80;131;107m[38;2;80;131;107m▄[0m[48;2;72;67;77m[38;2;68;65;73m▄[0m[48;2;0;0;0m[38;2;72;67;77m▄[0m[48;2;0;0;0m[38;2;116;216;168m▄[0m[48;2;68;65;73m[38;2;116;216;168m▄[0m[48;2;72;67;77m[38;2;116;216;168m▄[0m[48;2;72;67;77m[38;2;72;67;77m▄[0m[48;2;68;65;73m[38;2;0;0;0m▄[0m[38;2;0;0;0m▀[0m  
   [38;2;0;0;0m▄[0m[38;2;0;0;0m▄[0m [38;2;0;0;0m▀[0m[48;2;72;67;77m[38;2;0;0;0m▄[0m[48;2;116;216;168m[38;2;65;65;65m▄[0m[48;2;80;131;107m[38;2;65;65;65m▄[0m[48;2;72;67;77m[38;2;72;67;77m▄[0m[48;2;72;67;77m[38;2;116;216;168m▄[0m[48;2;116;216;168m[38;2;68;65;73m▄[0m[48;2;64;101;84m[38;2;64;101;84m▄[0m[48;2;68;65;73m[38;2;116;216;168m▄[0m[48;2;116;216;168m[38;2;72;67;77m▄[0m[48;2;68;65;73m[38;2;0;0;0m▄[0m[38;2;0;0;0m▀[0m   
 [38;2;0;0;0m▄[0m[48;2;0;0;0m[38;2;74;164;131m▄[0m[48;2;74;164;131m[38;2;74;164;131m▄[0m[48;2;0;0;0m[38;2;65;65;65m▄[0m[48;2;0;0;0m[38;2;80;131;107m▄[0m[48;2;0;0;0m[38;2;116;216;168m▄[0m[48;2;116;216;168m[38;2;116;216;168m▄[0m[48;2;116;216;168m[38;2;116;216;168m▄[0m[48;2;116;216;168m[38;2;116;216;168m▄[0m[48;2;65;65;65m[38;2;116;216;168m▄[0m[48;2;116;216;168m[38;2;80;131;107m▄[0m[48;2;116;216;168m[38;2;72;67;77m▄[0m[48;2;116;216;168m[38;2;68;65;73m▄[0m[48;2;72;67;77m[38;2;0;0;0m▄[0m[48;2;68;65;73m[38;2;0;0;0m▄[0m[38;2;0;0;0m▀[0m    
[38;2;0;0;0m▄[0m[48;2;0;0;0m[38;2;74;164;131m▄[0m[48;2;74;164;131m[38;2;74;164;131m▄[0m[48;2;65;65;65m[38;2;65;65;65m▄[0m[48;2;116;216;168m[38;2;116;216;168m▄[0m[48;2;72;67;77m[38;2;72;67;77m▄[0m[48;2;116;216;168m[38;2;72;67;77m▄[0m[48;2;72;67;77m[38;2;72;67;77m▄[0m[48;2;80;131;107m[38;2;116;216;168m▄[0m[48;2;116;216;168m[38;2;255;214;87m▄[0m[48;2;116;216;168m[38;2;116;216;168m▄[0m[48;2;116;216;168m[38;2;116;216;168m▄[0m[48;2;0;0;0m[38;2;116;216;168m▄[0m[48;2;0;0;0m[38;2;0;0;0m▄[0m       
[48;2;0;0;0m[38;2;0;0;0m▄[0m[48;2;115;90;74m[38;2;0;0;0m▄[0m[48;2;74;164;131m[38;2;115;90;74m▄[0m[48;2;74;164;131m[38;2;0;0;0m▄[0m[48;2;65;65;65m[38;2;74;164;131m▄[0m[48;2;80;131;107m[38;2;65;65;65m▄[0m[48;2;72;67;77m[38;2;116;216;168m▄[0m[48;2;116;216;168m[38;2;116;216;168m▄[0m[48;2;0;0;0m[38;2;116;216;168m▄[0m[48;2;255;214;87m[38;2;116;216;168m▄[0m[48;2;116;216;168m[38;2;116;216;168m▄[0m[48;2;65;65;65m[38;2;116;216;168m▄[0m[48;2;0;0;0m[38;2;116;216;168m▄[0m[38;2;0;0;0m▄[0m [38;2;0;0;0m▄[0m[38;2;0;0;0m▄[0m [38;2;0;0;0m▄[0m[38;2;0;0;0m▄[0m[38;2;0;0;0m▄[0m
 [38;2;0;0;0m▀[0m[38;2;0;0;0m▀[0m [38;2;0;0;0m▀[0m[38;2;0;0;0m▀[0m[48;2;65;65;65m[38;2;0;0;0m▄[0m[48;2;65;65;65m[38;2;115;90;74m▄[0m[48;2;116;216;168m[38;2;65;65;65m▄[0m[48;2;116;216;168m[38;2;65;65;65m▄[0m[48;2;65;65;65m[38;2;115;90;74m▄[0m[48;2;65;65;65m[38;2;65;65;65m▄[0m[48;2;65;65;65m[38;2;116;216;168m▄[0m[48;2;116;216;168m[38;2;116;216;168m▄[0m[48;2;0;0;0m[38;2;116;216;168m▄[0m[48;2;116;216;168m[38;2;116;216;168m▄[0m[48;2;65;65;65m[38;2;116;216;168m▄[0m[48;2;0;0;0m[38;2;116;216;168m▄[0m[48;2;74;164;131m[38;2;116;216;168m▄[0m[48;2;116;216;168m[38;2;0;0;0m▄[0m[38;2;0;0;0m▀[0m
     [38;2;0;0;0m▀[0m[48;2;116;216;168m[38;2;0;0;0m▄[0m[48;2;65;65;65m[38;2;74;164;131m▄[0m[48;2;115;90;74m[38;2;0;0;0m▄[0m[48;2;115;90;74m[38;2;0;0;0m▄[0m[48;2;65;65;65m[38;2;116;216;168m▄[0m[48;2;65;65;65m[38;2;65;65;65m▄[0m[48;2;116;216;168m[38;2;65;65;65m▄[0m[48;2;116;216;168m[38;2;116;216;168m▄[0m[48;2;116;216;168m[38;2;74;164;131m▄[0m[48;2;74;164;131m[38;2;116;216;168m▄[0m[48;2;116;216;168m[38;2;0;0;0m▄[0m[48;2;116;216;168m[38;2;0;0;0m▄[0m[38;2;0;0;0m▀[0m  
       [38;2;0;0;0m▀[0m[38;2;0;0;0m▀[0m [38;2;0;0;0m▀[0m[48;2;74;164;131m[38;2;0;0;0m▄[0m[38;2;0;0;0m▀[0m[48;2;115;90;74m[38;2;0;0;0m▄[0m[48;2;115;90;74m[38;2;0;0;0m▄[0m[38;2;0;0;0m▀[0m     
