Tentacool
          [38;2;0;0;0m▄[0m[38;2;0;0;0m▄[0m[48;2;0;0;0m[38;2;41;199;117m▄[0m[48;2;0;0;0m[38;2;12;170;88m▄[0m[48;2;0;0;0m[38;2;65;65;65m▄[0m[38;2;0;0;0m▄[0m[38;2;0;0;0m▄[0m       
        [38;2;0;0;0m▄[0m[48;2;0;0;0m[38;2;41;199;117m▄[0m[48;2;118;255;184m[38;2;41;199;117m▄[0m[48;2;12;170;88m[38;2;159;127;186m▄[0m[48;2;159;127;186m[38;2;202;172;225m▄[0m[48;2;159;127;186m[38;2;202;172;225m▄[0m[48;2;202;172;225m[38;2;202;172;225m▄[0m[48;2;202;172;225m[38;2;65;65;65m▄[0m[48;2;65;65;65m[38;2;12;170;88m▄[0m[48;2;0;0;0m[38;2;12;170;88m▄[0m[48;2;0;0;0m[38;2;12;170;88m▄[0m[38;2;0;0;0m▄[0m    
        [38;2;0;0;0m▀[0m[48;2;41;199;117m[38;2;0;0;0m▄[0m[48;2;65;65;65m[38;2;159;127;186m▄[0m[48;2;202;172;225m[38;2;159;127;186m▄[0m[48;2;202;172;225m[38;2;202;172;225m▄[0m[48;2;202;172;225m[38;2;202;172;225m▄[0m[48;2;65;65;65m[38;2;65;65;65m▄[0m[48;2;12;170;88m[38;2;12;170;88m▄[0m[48;2;118;255;184m[38;2;255;255;255m▄[0m[48;2;255;255;255m[38;2;118;255;184m▄[0m[48;2;12;170;88m[38;2;12;170;88m▄[0m[48;2;0;0;0m[38;2;12;170;88m▄[0m[38;2;0;0;0m▄[0m   
        [38;2;0;0;0m▄[0m[48;2;0;0;0m[38;2;65;65;65m▄[0m[48;2;41;199;117m[38;2;12;170;88m▄[0m[48;2;118;255;184m[38;2;41;199;117m▄[0m[48;2;159;127;186m[38;2;159;127;186m▄[0m[48;2;202;172;225m[38;2;202;172;225m▄[0m[48;2;159;127;186m[38;2;202;172;225m▄[0m[48;2;12;170;88m[38;2;65;65;65m▄[0m[48;2;12;170;88m[38;2;12;170;88m▄[0m[48;2;12;170;88m[38;2;12;170;88m▄[0m[48;2;12;170;88m[38;2;41;199;117m▄[0m[48;2;41;199;117m[38;2;41;199;117m▄[0m[48;2;0;0;0m[38;2;0;0;0m▄[0m   
      [38;2;0;0;0m▄[0m[48;2;0;0;0m[38;2;159;127;186m▄[0m[48;2;159;127;186m[38;2;159;127;186m▄[0m[48;2;159;127;186m[38;2;159;127;186m▄[0m[48;2;65;65;65m[38;2;65;65;65m▄[0m[48;2;159;127;186m[38;2;202;172;225m▄[0m[48;2;202;172;225m[38;2;202;172;225m▄[0m[48;2;202;172;225m[38;2;202;172;225m▄[0m[48;2;159;127;186m[38;2;202;172;225m▄[0m[48;2;202;172;225m[38;2;159;127;186m▄[0m[48;2;65;65;65m[38;2;159;127;186m▄[0m[48;2;41;199;117m[38;2;65;65;65m▄[0m[48;2;41;199;117m[38;2;65;65;65m▄[0m[48;2;0;0;0m[38;2;0;0;0m▄[0m[38;2;0;0;0m▄[0m   
      [38;2;0;0;0m▀[0m[48;2;159;127;186m[38;2;0;0;0m▄[0m[48;2;159;127;186m[38;2;65;65;65m▄[0m[48;2;65;65;65m[38;2;65;65;65m▄[0m[48;2;202;172;225m[38;2;65;65;65m▄[0m[48;2;202;172;225m[38;2;202;172;225m▄[0m[48;2;159;127;186m[38;2;126;94;153m▄[0m[48;2;202;172;225m[38;2;126;94;153m▄[0m[48;2;126;94;153m[38;2;0;0;0m▄[0m[48;2;126;94;153m[38;2;255;255;255m▄[0m[48;2;126;94;153m[38;2;159;127;186m▄[0m[48;2;159;127;186m[38;2;65;65;65m▄[0m[48;2;65;65;65m[38;2;159;127;186m▄[0m[48;2;159;127;186m[38;2;159;127;186m▄[0m[48;2;159;127;186m[38;2;159;127;186m▄[0m[48;2;0;0;0m[38;2;159;127;186m▄[0m[38;2;0;0;0m▄[0m 
[38;2;0;0;0m▄[0m[48;2;0;0;0m[38;2;140;123;90m▄[0m[48;2;0;0;0m[38;2;189;165;123m▄[0m[48;2;0;0;0m[38;2;189;165;123m▄[0m[38;2;0;0;0m▄[0m   [38;2;0;0;0m▀[0m[48;2;0;0;0m[38;2;0;0;0m▄[0m[48;2;159;127;186m[38;2;65;65;65m▄[0m[48;2;126;94;153m[38;2;126;94;153m▄[0m[48;2;202;172;225m[38;2;202;172;225m▄[0m[48;2;255;255;255m[38;2;202;172;225m▄[0m[48;2;255;255;255m[38;2;65;65;65m▄[0m[48;2;202;172;225m[38;2;65;65;65m▄[0m[48;2;202;172;225m[38;2;65;65;65m▄[0m[48;2;159;127;186m[38;2;159;127;186m▄[0m[48;2;159;127;186m[38;2;159;127;186m▄[0m[48;2;159;127;186m[38;2;159;127;186m▄[0m[48;2;159;127;186m[38;2;159;127;186m▄[0m[48;2;159;127;186m[38;2;0;0;0m▄[0m[38;2;0;0;0m▀[0m 
 [38;2;0;0;0m▀[0m[48;2;140;123;90m[38;2;0;0;0m▄[0m[48;2;140;123;90m[38;2;0;0;0m▄[0m[48;2;140;123;90m[38;2;0;0;0m▄[0m[48;2;0;0;0m[38;2;140;123;90m▄[0m[48;2;0;0;0m[38;2;140;123;90m▄[0m[48;2;0;0;0m[38;2;140;123;90m▄[0m[48;2;0;0;0m[38;2;140;123;90m▄[0m[48;2;140;123;90m[38;2;0;0;0m▄[0m[48;2;140;123;90m[38;2;0;0;0m▄[0m[48;2;0;0;0m[38;2;65;65;65m▄[0m[48;2;202;172;225m[38;2;0;0;0m▄[0m[38;2;0;0;0m▀[0m[48;2;0;0;0m[38;2;0;0;0m▄[0m[48;2;140;123;90m[38;2;140;123;90m▄[0m[48;2;65;65;65m[38;2;0;0;0m▄[0m[48;2;0;0;0m[38;2;65;65;65m▄[0m[48;2;159;127;186m[38;2;0;0;0m▄[0m[48;2;159;127;186m[38;2;0;0;0m▄[0m[38;2;0;0;0m▀[0m   
     [38;2;0;0;0m▀[0m[38;2;0;0;0m▀[0m[38;2;0;0;0m▀[0m[38;2;0;0;0m▀[0m     [38;2;0;0;0m▀[0m[48;2;65;65;65m[38;2;0;0;0m▄[0m[48;2;140;123;90m[38;2;140;123;90m▄[0m[48;2;0;0;0m[38;2;140;123;90m▄[0m[38;2;0;0;0m▄[0m     
                [38;2;0;0;0m▀[0m[48;2;140;123;90m[38;2;0;0;0m▄[0m[48;2;189;165;123m[38;2;0;0;0m▄[0m[48;2;0;0;0m[38;2;189;165;123m▄[0m[48;2;0;0;0m[38;2;189;165;123m▄[0m[48;2;0;0;0m[38;2;189;165;123m▄[0m[48;2;0;0;0m[38;2;65;65;65m▄[0m[38;2;0;0;0m▄[0m
                   [38;2;0;0;0m▀[0m[48;2;189;165;123m[38;2;0;0;0m▄[0m[48;2;189;165;123m[38;2;0;0;0m▄[0m[48;2;189;165;123m[38;2;0;0;0m▄[0m[38;2;0;0;0m▀[0m
