Rowlet
    [38;2;0;0;0m▄[0m[38;2;0;0;0m▄[0m[48;2;0;0;0m[38;2;143;205;177m▄[0m[48;2;0;0;0m[38;2;143;205;177m▄[0m[48;2;0;0;0m[38;2;143;205;177m▄[0m[48;2;0;0;0m[38;2;143;205;177m▄[0m[48;2;0;0;0m[38;2;143;205;177m▄[0m[38;2;0;0;0m▄[0m[38;2;0;0;0m▄[0m    
  [38;2;0;0;0m▄[0m[48;2;0;0;0m[38;2;65;65;65m▄[0m[48;2;255;255;255m[38;2;65;65;65m▄[0m[48;2;173;235;207m[38;2;139;139;139m▄[0m[48;2;143;205;177m[38;2;255;255;255m▄[0m[48;2;143;205;177m[38;2;255;255;255m▄[0m[48;2;143;205;177m[38;2;255;255;255m▄[0m[48;2;143;205;177m[38;2;255;255;255m▄[0m[48;2;143;205;177m[38;2;173;235;207m▄[0m[48;2;143;205;177m[38;2;143;205;177m▄[0m[48;2;143;205;177m[38;2;143;205;177m▄[0m[48;2;0;0;0m[38;2;143;205;177m▄[0m[38;2;0;0;0m▄[0m  
 [48;2;0;0;0m[38;2;0;0;0m▄[0m[48;2;197;197;197m[38;2;65;65;65m▄[0m[48;2;65;65;65m[38;2;255;255;255m▄[0m[48;2;255;255;255m[38;2;255;255;255m▄[0m[48;2;255;255;255m[38;2;255;255;255m▄[0m[48;2;139;139;139m[38;2;139;139;139m▄[0m[48;2;255;255;255m[38;2;65;65;65m▄[0m[48;2;65;65;65m[38;2;255;255;255m▄[0m[48;2;255;255;255m[38;2;65;65;65m▄[0m[48;2;255;255;255m[38;2;255;255;255m▄[0m[48;2;173;235;207m[38;2;255;255;255m▄[0m[48;2;143;205;177m[38;2;143;205;177m▄[0m[48;2;143;205;177m[38;2;143;205;177m▄[0m[48;2;143;205;177m[38;2;143;205;177m▄[0m[48;2;0;0;0m[38;2;0;0;0m▄[0m 
 [48;2;0;0;0m[38;2;0;0;0m▄[0m[48;2;65;65;65m[38;2;255;255;255m▄[0m[48;2;255;255;255m[38;2;65;65;65m▄[0m[48;2;255;255;255m[38;2;255;102;103m▄[0m[48;2;255;255;255m[38;2;255;102;103m▄[0m[48;2;139;139;139m[38;2;65;65;65m▄[0m[48;2;65;65;65m[38;2;255;255;255m▄[0m[48;2;0;0;0m[38;2;65;65;65m▄[0m[48;2;65;65;65m[38;2;255;255;255m▄[0m[48;2;255;255;255m[38;2;255;255;255m▄[0m[48;2;255;255;255m[38;2;255;255;255m▄[0m[48;2;143;205;177m[38;2;143;205;177m▄[0m[48;2;143;205;177m[38;2;143;205;177m▄[0m[48;2;143;205;177m[38;2;143;205;177m▄[0m[48;2;143;205;177m[38;2;143;205;177m▄[0m[48;2;0;0;0m[38;2;0;0;0m▄[0m
[48;2;0;0;0m[38;2;0;0;0m▄[0m[48;2;32;130;144m[38;2;71;169;183m▄[0m[48;2;32;130;144m[38;2;71;169;183m▄[0m[48;2;255;255;255m[38;2;32;130;144m▄[0m[48;2;65;65;65m[38;2;143;205;177m▄[0m[48;2;65;65;65m[38;2;173;235;207m▄[0m[48;2;255;255;255m[38;2;255;255;255m▄[0m[48;2;255;255;255m[38;2;255;255;255m▄[0m[48;2;255;255;255m[38;2;255;255;255m▄[0m[48;2;255;255;255m[38;2;255;255;255m▄[0m[48;2;255;255;255m[38;2;173;235;207m▄[0m[48;2;173;235;207m[38;2;143;205;177m▄[0m[48;2;143;205;177m[38;2;143;205;177m▄[0m[48;2;143;205;177m[38;2;143;205;177m▄[0m[48;2;143;205;177m[38;2;143;205;177m▄[0m[48;2;143;205;177m[38;2;96;158;130m▄[0m[48;2;0;0;0m[38;2;0;0;0m▄[0m
 [48;2;0;0;0m[38;2;0;0;0m▄[0m[48;2;32;130;144m[38;2;197;197;197m▄[0m[48;2;32;130;144m[38;2;197;197;197m▄[0m[48;2;32;130;144m[38;2;32;130;144m▄[0m[48;2;32;130;144m[38;2;71;169;183m▄[0m[48;2;32;130;144m[38;2;71;169;183m▄[0m[48;2;32;130;144m[38;2;71;169;183m▄[0m[48;2;143;205;177m[38;2;32;130;144m▄[0m[48;2;143;205;177m[38;2;143;205;177m▄[0m[48;2;143;205;177m[38;2;96;158;130m▄[0m[48;2;143;205;177m[38;2;143;205;177m▄[0m[48;2;143;205;177m[38;2;143;205;177m▄[0m[48;2;143;205;177m[38;2;96;158;130m▄[0m[48;2;143;205;177m[38;2;96;158;130m▄[0m[48;2;96;158;130m[38;2;0;0;0m▄[0m[38;2;0;0;0m▀[0m
  [38;2;0;0;0m▀[0m[48;2;197;197;197m[38;2;0;0;0m▄[0m[48;2;197;197;197m[38;2;65;65;65m▄[0m[48;2;32;130;144m[38;2;197;197;197m▄[0m[48;2;32;130;144m[38;2;197;197;197m▄[0m[48;2;32;130;144m[38;2;197;197;197m▄[0m[48;2;96;158;130m[38;2;197;197;197m▄[0m[48;2;96;158;130m[38;2;65;65;65m▄[0m[48;2;65;65;65m[38;2;65;65;65m▄[0m[48;2;96;158;130m[38;2;96;158;130m▄[0m[48;2;96;158;130m[38;2;96;158;130m▄[0m[48;2;96;158;130m[38;2;96;158;130m▄[0m[48;2;96;158;130m[38;2;0;0;0m▄[0m[38;2;0;0;0m▀[0m 
  [38;2;0;0;0m▀[0m[48;2;224;67;68m[38;2;0;0;0m▄[0m[48;2;224;67;68m[38;2;0;0;0m▄[0m[38;2;0;0;0m▀[0m[48;2;197;197;197m[38;2;0;0;0m▄[0m[48;2;197;197;197m[38;2;0;0;0m▄[0m[48;2;197;197;197m[38;2;65;65;65m▄[0m[48;2;197;197;197m[38;2;65;65;65m▄[0m[48;2;197;197;197m[38;2;65;65;65m▄[0m[48;2;65;65;65m[38;2;0;0;0m▄[0m[48;2;96;158;130m[38;2;0;0;0m▄[0m[38;2;0;0;0m▀[0m   
       [38;2;0;0;0m▀[0m[48;2;255;102;103m[38;2;0;0;0m▄[0m[48;2;224;67;68m[38;2;0;0;0m▄[0m[48;2;255;102;103m[38;2;0;0;0m▄[0m[38;2;0;0;0m▀[0m     
