Decidueye
            [38;2;0;4;0m▄[0m[38;2;0;4;0m▄[0m[48;2;0;4;0m[38;2;231;227;181m▄[0m[48;2;0;4;0m[38;2;231;227;181m▄[0m[48;2;0;4;0m[38;2;231;227;181m▄[0m[38;2;0;4;0m▄[0m       
           [48;2;0;4;0m[38;2;0;4;0m▄[0m[48;2;222;219;181m[38;2;148;147;120m▄[0m[48;2;228;226;181m[38;2;228;226;181m▄[0m[48;2;228;226;181m[38;2;228;226;181m▄[0m[48;2;148;146;126m[38;2;222;219;189m▄[0m[48;2;148;146;126m[38;2;0;0;0m▄[0m[38;2;0;4;0m▀[0m       
         [38;2;0;4;0m▄[0m[48;2;0;4;0m[38;2;175;13;11m▄[0m[48;2;231;227;181m[38;2;231;227;181m▄[0m[48;2;231;227;181m[38;2;66;65;66m▄[0m[48;2;231;227;181m[38;2;0;4;0m▄[0m[38;2;0;4;0m▀[0m[38;2;0;4;0m▀[0m         
     [38;2;0;4;0m▄[0m[38;2;0;4;0m▄[0m[48;2;0;0;0m[38;2;92;165;172m▄[0m[48;2;0;0;0m[38;2;45;82;86m▄[0m[48;2;230;68;66m[38;2;230;68;66m▄[0m[48;2;172;10;8m[38;2;66;69;74m▄[0m[48;2;45;85;88m[38;2;82;164;178m▄[0m[48;2;8;0;0m[38;2;82;164;178m▄[0m[38;2;0;4;0m▄[0m[38;2;0;4;0m▄[0m          
   [38;2;0;4;0m▄[0m[48;2;0;4;0m[38;2;68;103;128m▄[0m[48;2;68;103;128m[38;2;77;169;185m▄[0m[48;2;77;169;185m[38;2;77;169;185m▄[0m[48;2;73;147;179m[38;2;70;113;138m▄[0m[48;2;66;60;74m[38;2;73;147;179m▄[0m[48;2;66;65;66m[38;2;79;172;183m▄[0m[48;2;79;172;183m[38;2;79;172;183m▄[0m[48;2;78;169;184m[38;2;78;169;184m▄[0m[48;2;78;169;184m[38;2;78;169;184m▄[0m[48;2;79;172;183m[38;2;79;172;183m▄[0m[48;2;79;172;183m[38;2;66;65;66m▄[0m[48;2;0;4;0m[38;2;81;169;182m▄[0m[48;2;0;4;0m[38;2;81;169;182m▄[0m[48;2;0;4;0m[38;2;81;169;182m▄[0m[38;2;0;4;0m▄[0m      
 [38;2;0;4;0m▄[0m[48;2;0;4;0m[38;2;68;103;128m▄[0m[48;2;70;119;141m[38;2;66;65;66m▄[0m[48;2;68;92;103m[38;2;73;147;179m▄[0m[48;2;78;169;184m[38;2;78;169;184m▄[0m[48;2;78;169;184m[38;2;78;169;184m▄[0m[48;2;79;172;183m[38;2;79;172;183m▄[0m[48;2;79;172;183m[38;2;66;65;66m▄[0m[48;2;73;147;179m[38;2;66;65;66m▄[0m[48;2;70;119;141m[38;2;68;92;103m▄[0m[48;2;68;103;128m[38;2;77;169;185m▄[0m[48;2;77;169;185m[38;2;77;169;185m▄[0m[48;2;78;169;184m[38;2;78;169;184m▄[0m[48;2;78;169;184m[38;2;78;169;184m▄[0m[48;2;77;169;185m[38;2;77;169;185m▄[0m[48;2;77;169;185m[38;2;68;103;128m▄[0m[48;2;0;4;0m[38;2;68;103;128m▄[0m[38;2;0;4;0m▄[0m[38;2;0;4;0m▄[0m     
 [38;2;0;4;0m▄[0m[48;2;0;4;0m[38;2;66;64;66m▄[0m[48;2;66;65;66m[38;2;70;98;102m▄[0m[48;2;81;169;182m[38;2;66;65;66m▄[0m[48;2;81;169;182m[38;2;66;65;66m▄[0m[48;2;66;65;66m[38;2;70;98;102m▄[0m[48;2;66;65;66m[38;2;70;102;107m▄[0m[48;2;70;102;107m[38;2;66;65;66m▄[0m[48;2;66;65;66m[38;2;79;172;183m▄[0m[48;2;79;172;183m[38;2;79;172;183m▄[0m[48;2;77;169;185m[38;2;77;169;185m▄[0m[48;2;77;169;185m[38;2;68;103;128m▄[0m[48;2;77;169;185m[38;2;68;103;128m▄[0m[48;2;77;169;185m[38;2;68;103;128m▄[0m[48;2;79;172;183m[38;2;79;172;183m▄[0m[48;2;66;65;66m[38;2;79;172;183m▄[0m[48;2;66;65;66m[38;2;79;172;183m▄[0m[48;2;79;172;183m[38;2;79;172;183m▄[0m[48;2;81;169;182m[38;2;0;4;0m▄[0m[38;2;0;4;0m▀[0m    
[38;2;0;4;0m▄[0m[48;2;0;4;8m[38;2;80;104;108m▄[0m[48;2;80;104;108m[38;2;54;71;74m▄[0m[48;2;69;90;93m[38;2;69;90;93m▄[0m[48;2;189;27;25m[38;2;69;90;93m▄[0m[48;2;140;64;64m[38;2;140;64;64m▄[0m[48;2;68;78;80m[38;2;189;27;25m▄[0m[48;2;70;102;107m[38;2;66;65;66m▄[0m[48;2;66;65;66m[38;2;70;102;107m▄[0m[48;2;66;65;66m[38;2;189;27;25m▄[0m[48;2;66;65;66m[38;2;189;27;25m▄[0m[48;2;70;102;107m[38;2;66;65;66m▄[0m[48;2;66;65;66m[38;2;66;65;66m▄[0m[48;2;66;65;66m[38;2;79;172;183m▄[0m[48;2;79;172;183m[38;2;79;172;183m▄[0m[48;2;78;169;184m[38;2;78;169;184m▄[0m[48;2;78;169;184m[38;2;78;169;184m▄[0m[48;2;91;152;186m[38;2;63;98;125m▄[0m[48;2;8;4;16m[38;2;63;98;125m▄[0m[38;2;0;4;0m▄[0m     
 [38;2;0;4;0m▀[0m[48;2;66;64;66m[38;2;0;4;0m▄[0m[48;2;255;223;214m[38;2;255;223;214m▄[0m[48;2;24;0;0m[38;2;178;148;142m▄[0m[48;2;66;65;74m[38;2;66;65;74m▄[0m[48;2;182;20;18m[38;2;232;70;68m▄[0m[48;2;80;104;108m[38;2;229;67;65m▄[0m[48;2;186;24;22m[38;2;80;104;108m▄[0m[48;2;70;102;107m[38;2;0;4;0m▄[0m[48;2;70;102;107m[38;2;70;102;107m▄[0m[48;2;54;75;78m[38;2;247;255;255m▄[0m[48;2;120;136;129m[38;2;54;75;78m▄[0m[48;2;73;147;179m[38;2;66;60;74m▄[0m[48;2;73;147;179m[38;2;70;113;138m▄[0m[48;2;65;102;128m[38;2;65;102;128m▄[0m[48;2;65;102;128m[38;2;65;102;128m▄[0m[48;2;65;102;128m[38;2;65;102;128m▄[0m[48;2;65;102;128m[38;2;66;65;66m▄[0m[48;2;68;103;128m[38;2;0;4;0m▄[0m[38;2;0;4;0m▀[0m    
 [38;2;0;4;0m▀[0m[48;2;70;102;107m[38;2;0;4;0m▄[0m[48;2;73;93;96m[38;2;73;93;96m▄[0m[48;2;231;235;239m[38;2;73;93;96m▄[0m[48;2;66;77;57m[38;2;90;138;140m▄[0m[48;2;71;95;99m[38;2;71;95;99m▄[0m[48;2;189;132;101m[38;2;156;77;33m▄[0m[48;2;255;243;239m[38;2;189;132;101m▄[0m[48;2;255;113;74m[38;2;255;255;255m▄[0m[48;2;255;255;255m[38;2;255;255;255m▄[0m[48;2;255;243;239m[38;2;189;132;101m▄[0m[48;2;189;132;101m[38;2;156;77;33m▄[0m[48;2;15;124;140m[38;2;65;102;128m▄[0m[48;2;65;102;128m[38;2;65;102;128m▄[0m[48;2;65;102;128m[38;2;65;102;128m▄[0m[48;2;66;65;66m[38;2;65;102;128m▄[0m[48;2;66;64;66m[38;2;0;4;0m▄[0m[38;2;0;4;0m▀[0m      
  [38;2;0;4;0m▄[0m[48;2;0;20;24m[38;2;105;2;1m▄[0m[48;2;105;2;1m[38;2;214;52;50m▄[0m[48;2;70;102;107m[38;2;66;65;66m▄[0m[48;2;70;102;107m[38;2;70;102;107m▄[0m[48;2;70;102;107m[38;2;66;65;66m▄[0m[48;2;70;102;107m[38;2;66;65;66m▄[0m[48;2;66;65;66m[38;2;212;50;48m▄[0m[48;2;231;146;115m[38;2;66;65;66m▄[0m[48;2;189;186;156m[38;2;57;69;74m▄[0m[48;2;57;69;74m[38;2;101;108;101m▄[0m[48;2;66;65;66m[38;2;70;119;141m▄[0m[48;2;68;92;103m[38;2;73;147;179m▄[0m[48;2;54;104;122m[38;2;81;158;182m▄[0m[48;2;0;4;8m[38;2;81;158;182m▄[0m[38;2;0;4;0m▄[0m[38;2;0;4;0m▄[0m      
 [48;2;0;4;0m[38;2;0;4;0m▄[0m[48;2;81;169;182m[38;2;81;169;182m▄[0m[48;2;54;72;92m[38;2;37;146;162m▄[0m[48;2;220;58;56m[38;2;54;72;92m▄[0m[48;2;230;68;66m[38;2;230;68;66m▄[0m[48;2;66;65;66m[38;2;230;68;66m▄[0m[48;2;66;65;66m[38;2;230;68;66m▄[0m[48;2;230;68;66m[38;2;230;68;66m▄[0m[48;2;220;58;56m[38;2;54;72;92m▄[0m[48;2;54;72;92m[38;2;37;146;162m▄[0m[48;2;78;169;184m[38;2;78;169;184m▄[0m[48;2;78;169;184m[38;2;78;169;184m▄[0m[48;2;78;169;184m[38;2;78;169;184m▄[0m[48;2;78;169;184m[38;2;78;169;184m▄[0m[48;2;15;124;140m[38;2;78;169;184m▄[0m[48;2;78;169;184m[38;2;15;124;140m▄[0m[48;2;78;169;184m[38;2;15;124;140m▄[0m[48;2;78;169;184m[38;2;78;169;184m▄[0m[48;2;0;4;0m[38;2;81;169;182m▄[0m[38;2;0;4;0m▄[0m    
[38;2;0;4;0m▀[0m[48;2;81;169;182m[38;2;0;4;0m▄[0m[48;2;81;169;182m[38;2;0;4;0m▄[0m[48;2;65;69;66m[38;2;65;69;66m▄[0m[48;2;173;11;9m[38;2;231;69;67m▄[0m[48;2;230;68;66m[38;2;37;36;33m▄[0m[48;2;37;36;33m[38;2;33;34;33m▄[0m[48;2;33;34;33m[38;2;231;146;115m▄[0m[48;2;212;50;48m[38;2;33;34;33m▄[0m[48;2;173;11;9m[38;2;231;69;67m▄[0m[48;2;32;36;33m[38;2;32;36;33m▄[0m[48;2;79;172;183m[38;2;33;34;33m▄[0m[48;2;79;172;183m[38;2;33;34;33m▄[0m[48;2;78;169;184m[38;2;78;169;184m▄[0m[48;2;15;124;140m[38;2;78;169;184m▄[0m[48;2;79;172;183m[38;2;66;65;66m▄[0m[48;2;79;172;183m[38;2;66;65;66m▄[0m[48;2;66;65;66m[38;2;76;94;89m▄[0m[48;2;66;65;66m[38;2;76;94;89m▄[0m[48;2;0;4;0m[38;2;0;4;0m▄[0m     
  [38;2;0;4;0m▄[0m[48;2;0;8;16m[38;2;76;94;89m▄[0m[48;2;37;36;33m[38;2;37;36;33m▄[0m[48;2;65;102;128m[38;2;65;102;128m▄[0m[48;2;33;34;33m[38;2;33;34;33m▄[0m[48;2;247;231;189m[38;2;37;36;33m▄[0m[48;2;189;177;148m[38;2;189;177;148m▄[0m[48;2;33;34;33m[38;2;231;227;181m▄[0m[48;2;231;227;181m[38;2;231;227;181m▄[0m[48;2;206;235;181m[38;2;56;63;70m▄[0m[48;2;28;33;35m[38;2;63;172;188m▄[0m[48;2;33;34;33m[38;2;33;34;33m▄[0m[48;2;66;65;66m[38;2;76;94;89m▄[0m[48;2;76;94;89m[38;2;76;94;89m▄[0m[48;2;76;94;89m[38;2;76;94;89m▄[0m[48;2;231;227;181m[38;2;231;227;181m▄[0m[48;2;76;94;89m[38;2;76;94;89m▄[0m[48;2;0;4;0m[38;2;76;94;89m▄[0m[38;2;0;4;0m▄[0m    
 [38;2;0;4;0m▄[0m[48;2;0;4;0m[38;2;76;94;89m▄[0m[48;2;76;94;89m[38;2;76;94;89m▄[0m[48;2;40;49;46m[38;2;40;49;46m▄[0m[48;2;37;36;33m[38;2;40;49;46m▄[0m[48;2;40;49;46m[38;2;40;49;46m▄[0m[48;2;37;32;28m[38;2;40;49;46m▄[0m[48;2;239;223;173m[38;2;37;32;28m▄[0m[48;2;231;227;181m[38;2;203;181;148m▄[0m[48;2;203;181;148m[38;2;203;181;148m▄[0m[48;2;55;69;74m[38;2;189;199;156m▄[0m[48;2;49;158;174m[38;2;55;69;74m▄[0m[48;2;33;34;33m[38;2;222;178;132m▄[0m[48;2;76;94;89m[38;2;33;34;33m▄[0m[48;2;76;94;89m[38;2;76;94;89m▄[0m[48;2;76;94;89m[38;2;76;94;89m▄[0m[48;2;76;94;89m[38;2;76;94;89m▄[0m[48;2;76;94;89m[38;2;76;94;89m▄[0m[48;2;231;211;156m[38;2;231;211;156m▄[0m[48;2;0;4;0m[38;2;122;129;109m▄[0m[38;2;0;4;0m▄[0m   
[38;2;0;4;0m▄[0m[48;2;0;4;0m[38;2;76;94;89m▄[0m[48;2;76;94;89m[38;2;76;94;89m▄[0m[48;2;40;49;46m[38;2;40;49;46m▄[0m[48;2;40;49;46m[38;2;37;36;33m▄[0m[48;2;40;49;46m[38;2;40;49;46m▄[0m[48;2;40;49;46m[38;2;40;49;46m▄[0m[48;2;40;49;46m[38;2;35;31;31m▄[0m[48;2;35;31;31m[38;2;214;170;140m▄[0m[48;2;203;180;148m[38;2;203;180;148m▄[0m[48;2;203;180;148m[38;2;203;180;148m▄[0m[48;2;206;178;148m[38;2;33;34;33m▄[0m[48;2;206;178;148m[38;2;33;34;33m▄[0m[48;2;203;180;148m[38;2;203;180;148m▄[0m[48;2;203;180;148m[38;2;203;180;148m▄[0m[48;2;33;34;33m[38;2;33;34;33m▄[0m[48;2;76;94;89m[38;2;76;94;89m▄[0m[48;2;231;227;181m[38;2;231;227;181m▄[0m[48;2;76;94;89m[38;2;76;94;89m▄[0m[48;2;76;94;89m[38;2;76;94;89m▄[0m[48;2;76;94;89m[38;2;53;66;61m▄[0m[48;2;76;94;89m[38;2;76;94;89m▄[0m[48;2;0;4;0m[38;2;76;94;89m▄[0m[38;2;0;4;0m▄[0m 
[38;2;0;4;0m▀[0m[48;2;76;94;89m[38;2;0;4;0m▄[0m[48;2;40;49;46m[38;2;0;4;0m▄[0m[38;2;0;4;0m▀[0m[48;2;40;49;46m[38;2;0;4;0m▄[0m[48;2;63;75;63m[38;2;104;104;87m▄[0m[48;2;28;34;28m[38;2;198;182;148m▄[0m[48;2;203;179;150m[38;2;203;179;150m▄[0m[48;2;115;93;74m[38;2;203;179;150m▄[0m[48;2;132;114;93m[38;2;198;170;140m▄[0m[48;2;66;59;46m[38;2;0;4;0m▄[0m[48;2;68;103;128m[38;2;0;4;0m▄[0m[48;2;68;103;128m[38;2;68;103;128m▄[0m[48;2;33;34;33m[38;2;33;34;33m▄[0m[48;2;181;175;142m[38;2;239;231;181m▄[0m[48;2;181;175;142m[38;2;239;231;181m▄[0m[48;2;33;34;33m[38;2;33;34;33m▄[0m[48;2;76;94;89m[38;2;76;94;89m▄[0m[48;2;53;66;61m[38;2;76;94;89m▄[0m[48;2;76;94;89m[38;2;50;50;50m▄[0m[48;2;76;94;89m[38;2;76;94;89m▄[0m[48;2;46;57;54m[38;2;76;94;89m▄[0m[48;2;76;94;89m[38;2;0;8;16m▄[0m[48;2;76;94;89m[38;2;0;4;0m▄[0m[38;2;0;4;0m▀[0m
    [38;2;0;4;0m▀[0m[48;2;15;124;140m[38;2;0;4;0m▄[0m[38;2;0;4;0m▀[0m[38;2;0;4;0m▀[0m[38;2;0;4;0m▀[0m[38;2;0;4;0m▀[0m  [48;2;0;4;0m[38;2;0;4;0m▄[0m[48;2;231;227;181m[38;2;93;107;98m▄[0m[48;2;93;107;98m[38;2;231;227;181m▄[0m[48;2;93;107;98m[38;2;231;227;181m▄[0m[48;2;231;227;181m[38;2;93;107;98m▄[0m[48;2;66;82;78m[38;2;66;82;78m▄[0m[48;2;76;94;89m[38;2;0;8;16m▄[0m[48;2;76;94;89m[38;2;0;4;0m▄[0m[38;2;0;4;0m▀[0m[38;2;0;4;0m▀[0m   
            [38;2;0;4;0m▀[0m[48;2;66;175;191m[38;2;0;4;0m▄[0m[38;2;0;4;0m▀[0m[38;2;0;4;0m▀[0m[48;2;66;175;191m[38;2;0;4;0m▄[0m[38;2;0;4;0m▀[0m       
