Toucannon
       [38;2;0;0;0m▄[0m[38;2;0;0;0m▄[0m[48;2;0;0;0m[38;2;82;82;74m▄[0m[48;2;0;0;0m[38;2;82;82;74m▄[0m[48;2;0;0;0m[38;2;82;82;74m▄[0m[48;2;0;0;0m[38;2;82;82;74m▄[0m[48;2;0;0;0m[38;2;217;189;114m▄[0m[38;2;0;0;0m▄[0m        
    [38;2;0;0;0m▄[0m[48;2;0;0;0m[38;2;90;81;156m▄[0m[48;2;0;0;0m[38;2;90;81;156m▄[0m[48;2;87;115;196m[38;2;87;115;196m▄[0m[48;2;87;115;196m[38;2;87;115;196m▄[0m[48;2;87;115;196m[38;2;82;82;74m▄[0m[48;2;82;82;74m[38;2;87;115;196m▄[0m[48;2;217;189;114m[38;2;82;82;74m▄[0m[48;2;217;189;114m[38;2;0;0;0m▄[0m[48;2;58;206;93m[38;2;70;137;86m▄[0m[48;2;217;189;114m[38;2;82;82;74m▄[0m[48;2;0;0;0m[38;2;0;0;0m▄[0m       
  [38;2;0;0;0m▄[0m[48;2;0;0;0m[38;2;150;77;166m▄[0m[48;2;90;81;156m[38;2;150;77;166m▄[0m[48;2;90;81;156m[38;2;150;77;166m▄[0m[48;2;90;81;156m[38;2;90;81;156m▄[0m[48;2;90;81;156m[38;2;90;81;156m▄[0m[48;2;87;115;196m[38;2;90;81;156m▄[0m[48;2;82;82;74m[38;2;87;115;196m▄[0m[48;2;87;115;196m[38;2;87;115;196m▄[0m[48;2;82;82;74m[38;2;82;82;74m▄[0m[48;2;98;205;230m[38;2;98;205;230m▄[0m[48;2;98;205;230m[38;2;98;205;230m▄[0m[48;2;82;82;74m[38;2;87;115;196m▄[0m[48;2;82;82;74m[38;2;82;82;74m▄[0m[48;2;0;0;0m[38;2;0;0;0m▄[0m      
 [38;2;0;0;0m▄[0m[48;2;0;0;0m[38;2;232;58;117m▄[0m[48;2;232;58;117m[38;2;232;58;117m▄[0m[48;2;150;77;166m[38;2;232;58;117m▄[0m[48;2;150;77;166m[38;2;150;77;166m▄[0m[48;2;150;77;166m[38;2;150;77;166m▄[0m[48;2;90;81;156m[38;2;82;82;74m▄[0m[48;2;90;81;156m[38;2;82;82;74m▄[0m[48;2;82;82;74m[38;2;232;58;117m▄[0m[48;2;82;82;74m[38;2;82;82;74m▄[0m[48;2;255;255;255m[38;2;255;255;255m▄[0m[48;2;217;189;114m[38;2;217;189;114m▄[0m[48;2;87;115;196m[38;2;87;115;196m▄[0m[48;2;87;115;196m[38;2;87;115;196m▄[0m[48;2;82;82;74m[38;2;82;82;74m▄[0m[48;2;0;0;0m[38;2;0;0;0m▄[0m      
[38;2;0;0;0m▄[0m[48;2;0;0;0m[38;2;82;82;74m▄[0m[48;2;82;82;74m[38;2;82;82;74m▄[0m[48;2;232;58;117m[38;2;82;82;74m▄[0m[48;2;232;58;117m[38;2;232;58;117m▄[0m[48;2;232;58;117m[38;2;0;0;0m▄[0m[48;2;82;82;74m[38;2;0;0;0m▄[0m[38;2;0;0;0m▀[0m[48;2;0;0;0m[38;2;0;0;0m▄[0m[48;2;82;82;74m[38;2;255;255;255m▄[0m[48;2;255;255;255m[38;2;255;255;255m▄[0m[48;2;255;255;255m[38;2;255;255;255m▄[0m[48;2;255;255;255m[38;2;255;255;255m▄[0m[48;2;217;189;114m[38;2;255;255;255m▄[0m[48;2;82;82;74m[38;2;65;65;65m▄[0m[48;2;82;82;74m[38;2;82;82;74m▄[0m[48;2;0;0;0m[38;2;0;0;0m▄[0m      
[48;2;0;0;0m[38;2;0;0;0m▄[0m[48;2;82;82;74m[38;2;82;82;74m▄[0m[48;2;82;82;74m[38;2;82;82;74m▄[0m[48;2;82;82;74m[38;2;0;0;0m▄[0m[38;2;0;0;0m▀[0m   [48;2;0;0;0m[38;2;0;0;0m▄[0m[48;2;255;255;255m[38;2;255;255;255m▄[0m[48;2;255;255;255m[38;2;255;255;255m▄[0m[48;2;255;255;255m[38;2;255;255;255m▄[0m[48;2;255;255;255m[38;2;255;255;255m▄[0m[48;2;65;65;65m[38;2;65;65;65m▄[0m[48;2;82;82;74m[38;2;82;82;74m▄[0m[48;2;82;82;74m[38;2;82;82;74m▄[0m[48;2;65;65;65m[38;2;82;82;74m▄[0m[48;2;0;0;0m[38;2;0;0;0m▄[0m [38;2;0;0;0m▄[0m[38;2;0;0;0m▄[0m  
 [38;2;0;0;0m▀[0m[48;2;82;82;74m[38;2;0;0;0m▄[0m[38;2;0;0;0m▀[0m    [38;2;0;0;0m▀[0m[48;2;217;189;114m[38;2;0;0;0m▄[0m[48;2;255;255;255m[38;2;217;189;114m▄[0m[48;2;217;189;114m[38;2;217;189;114m▄[0m[48;2;255;255;255m[38;2;217;189;114m▄[0m[48;2;65;65;65m[38;2;217;189;114m▄[0m[48;2;82;82;74m[38;2;65;65;65m▄[0m[48;2;82;82;74m[38;2;82;82;74m▄[0m[48;2;82;82;74m[38;2;82;82;74m▄[0m[48;2;0;0;0m[38;2;82;82;74m▄[0m[48;2;0;0;0m[38;2;82;82;74m▄[0m[48;2;82;82;74m[38;2;0;0;0m▄[0m[38;2;0;0;0m▀[0m  
          [38;2;0;0;0m▀[0m[48;2;217;189;114m[38;2;0;0;0m▄[0m[48;2;217;189;114m[38;2;65;65;65m▄[0m[48;2;65;65;65m[38;2;82;82;74m▄[0m[48;2;65;65;65m[38;2;82;82;74m▄[0m[48;2;82;82;74m[38;2;65;65;65m▄[0m[48;2;82;82;74m[38;2;65;65;65m▄[0m[48;2;82;82;74m[38;2;65;65;65m▄[0m[48;2;65;65;65m[38;2;215;38;100m▄[0m[48;2;0;0;0m[38;2;215;38;100m▄[0m[38;2;0;0;0m▄[0m  
        [38;2;0;0;0m▄[0m[48;2;0;0;0m[38;2;74;131;139m▄[0m[48;2;0;0;0m[38;2;74;131;139m▄[0m[48;2;74;131;139m[38;2;74;131;139m▄[0m[48;2;74;131;139m[38;2;0;0;0m▄[0m[38;2;0;0;0m▀[0m[48;2;0;0;0m[38;2;0;0;0m▄[0m[48;2;74;131;139m[38;2;98;205;230m▄[0m[48;2;65;65;65m[38;2;0;0;0m▄[0m[48;2;215;38;100m[38;2;0;0;0m▄[0m[48;2;215;38;100m[38;2;0;0;0m▄[0m[48;2;65;65;65m[38;2;65;65;65m▄[0m[48;2;0;0;0m[38;2;65;65;65m▄[0m[48;2;0;0;0m[38;2;65;65;65m▄[0m[48;2;0;0;0m[38;2;0;0;0m▄[0m
         [38;2;0;0;0m▀[0m[38;2;0;0;0m▀[0m[38;2;0;0;0m▀[0m[38;2;0;0;0m▄[0m[48;2;0;0;0m[38;2;98;205;230m▄[0m[48;2;98;205;230m[38;2;82;82;74m▄[0m[48;2;0;0;0m[38;2;98;205;230m▄[0m[38;2;0;0;0m▄[0m  [38;2;0;0;0m▀[0m[38;2;0;0;0m▀[0m[38;2;0;0;0m▀[0m 
             [38;2;0;0;0m▀[0m[38;2;0;0;0m▀[0m[38;2;0;0;0m▀[0m       
