Mimikyu
       [38;2;0;0;0m▄[0m[48;2;0;0;0m[38;2;0;0;0m▄[0m[38;2;0;0;0m▀[0m             
      [48;2;0;0;0m[38;2;0;0;0m▄[0m[48;2;74;62;54m[38;2;74;62;54m▄[0m[48;2;0;0;0m[38;2;74;62;54m▄[0m[38;2;0;0;0m▄[0m             
      [48;2;0;0;0m[38;2;0;0;0m▄[0m[48;2;220;208;200m[38;2;220;208;200m▄[0m[48;2;67;55;47m[38;2;179;164;156m▄[0m[48;2;0;4;8m[38;2;0;4;8m▄[0m             
     [48;2;0;0;0m[38;2;0;0;0m▄[0m[48;2;219;207;199m[38;2;219;207;199m▄[0m[48;2;219;207;199m[38;2;219;207;199m▄[0m[48;2;178;163;155m[38;2;122;107;99m▄[0m[48;2;0;0;0m[38;2;0;0;0m▄[0m             
    [38;2;0;0;0m▄[0m[48;2;0;0;0m[38;2;220;208;200m▄[0m[48;2;219;207;199m[38;2;219;207;199m▄[0m[48;2;219;207;199m[38;2;219;207;199m▄[0m[48;2;219;207;199m[38;2;219;207;199m▄[0m[48;2;219;207;199m[38;2;219;207;199m▄[0m[48;2;0;0;0m[38;2;220;208;200m▄[0m[48;2;0;0;0m[38;2;220;208;200m▄[0m[38;2;0;0;0m▄[0m[38;2;0;0;0m▄[0m[38;2;0;0;0m▄[0m[48;2;0;0;0m[38;2;220;208;200m▄[0m[48;2;0;0;0m[38;2;220;208;200m▄[0m[48;2;0;0;0m[38;2;220;208;200m▄[0m[48;2;0;0;0m[38;2;74;62;54m▄[0m[48;2;0;0;0m[38;2;74;62;54m▄[0m[48;2;0;0;0m[38;2;74;62;54m▄[0m[38;2;0;0;0m▄[0m 
  [38;2;0;0;0m▄[0m[48;2;0;0;0m[38;2;220;208;200m▄[0m[48;2;220;208;200m[38;2;122;110;102m▄[0m[48;2;220;208;200m[38;2;73;61;53m▄[0m[48;2;219;207;199m[38;2;219;207;199m▄[0m[48;2;219;207;199m[38;2;219;207;199m▄[0m[48;2;219;207;199m[38;2;219;207;199m▄[0m[48;2;219;207;199m[38;2;219;207;199m▄[0m[48;2;219;207;199m[38;2;219;207;199m▄[0m[48;2;219;207;199m[38;2;219;207;199m▄[0m[48;2;220;208;200m[38;2;220;208;200m▄[0m[48;2;176;164;156m[38;2;220;208;200m▄[0m[48;2;219;207;199m[38;2;219;207;199m▄[0m[48;2;219;207;199m[38;2;219;207;199m▄[0m[48;2;220;208;200m[38;2;220;208;200m▄[0m[48;2;220;208;200m[38;2;178;163;155m▄[0m[48;2;228;216;208m[38;2;155;143;135m▄[0m[48;2;82;70;62m[38;2;0;0;8m▄[0m[48;2;74;62;54m[38;2;0;0;0m▄[0m[48;2;0;0;0m[38;2;74;62;54m▄[0m[38;2;0;0;0m▄[0m
 [38;2;0;0;0m▄[0m[48;2;0;4;8m[38;2;169;157;149m▄[0m[48;2;116;104;96m[38;2;169;157;149m▄[0m[48;2;0;0;0m[38;2;75;63;55m▄[0m[48;2;142;130;122m[38;2;209;197;189m▄[0m[48;2;219;207;199m[38;2;219;207;199m▄[0m[48;2;219;207;199m[38;2;219;207;199m▄[0m[48;2;222;210;202m[38;2;118;106;98m▄[0m[48;2;118;106;98m[38;2;9;5;1m▄[0m[48;2;0;0;0m[38;2;89;77;69m▄[0m[48;2;169;157;149m[38;2;89;77;69m▄[0m[48;2;219;207;199m[38;2;219;207;199m▄[0m[48;2;219;207;199m[38;2;219;207;199m▄[0m[48;2;220;208;200m[38;2;178;163;155m▄[0m[48;2;178;163;155m[38;2;178;163;155m▄[0m[48;2;178;163;155m[38;2;178;163;155m▄[0m[48;2;178;163;155m[38;2;0;0;0m▄[0m[38;2;0;0;0m▀[0m  [38;2;0;0;0m▀[0m[38;2;0;0;0m▀[0m
 [38;2;0;0;0m▀[0m[48;2;164;152;144m[38;2;18;8;1m▄[0m[48;2;67;55;47m[38;2;67;55;47m▄[0m[48;2;219;207;199m[38;2;219;207;199m▄[0m[48;2;219;207;199m[38;2;219;207;199m▄[0m[48;2;219;207;199m[38;2;219;207;199m▄[0m[48;2;219;207;199m[38;2;219;207;199m▄[0m[48;2;79;67;59m[38;2;218;206;198m▄[0m[48;2;2;1;1m[38;2;79;67;59m▄[0m[48;2;79;67;59m[38;2;0;0;0m▄[0m[48;2;0;0;0m[38;2;220;208;200m▄[0m[48;2;219;207;199m[38;2;219;207;199m▄[0m[48;2;219;207;199m[38;2;219;207;199m▄[0m[48;2;178;163;155m[38;2;178;163;155m▄[0m[48;2;125;110;102m[38;2;178;163;155m▄[0m[48;2;0;0;0m[38;2;0;0;0m▄[0m    [38;2;0;0;0m▄[0m 
  [38;2;0;0;0m▀[0m[48;2;220;208;200m[38;2;0;0;0m▄[0m[48;2;74;62;54m[38;2;220;208;200m▄[0m[48;2;74;62;54m[38;2;220;208;200m▄[0m[48;2;125;110;102m[38;2;74;62;54m▄[0m[48;2;220;208;200m[38;2;74;62;54m▄[0m[48;2;211;199;191m[38;2;72;60;52m▄[0m[48;2;157;145;137m[38;2;157;145;137m▄[0m[48;2;152;140;132m[38;2;152;140;132m▄[0m[48;2;220;208;200m[38;2;220;208;200m▄[0m[48;2;220;208;200m[38;2;178;163;155m▄[0m[48;2;178;163;155m[38;2;178;163;155m▄[0m[48;2;178;163;155m[38;2;178;163;155m▄[0m[48;2;178;163;155m[38;2;0;0;0m▄[0m[38;2;0;0;0m▀[0m [38;2;0;0;0m▄[0m[48;2;0;0;0m[38;2;90;75;66m▄[0m[48;2;0;0;0m[38;2;123;99;74m▄[0m[48;2;123;99;74m[38;2;123;99;74m▄[0m[48;2;0;0;0m[38;2;0;0;0m▄[0m
   [38;2;0;0;0m▄[0m[48;2;0;0;0m[38;2;220;208;200m▄[0m[48;2;220;208;200m[38;2;220;208;200m▄[0m[48;2;220;208;200m[38;2;178;163;155m▄[0m[48;2;178;163;155m[38;2;178;163;155m▄[0m[48;2;150;138;130m[38;2;178;163;155m▄[0m[48;2;150;138;130m[38;2;178;163;155m▄[0m[48;2;177;162;154m[38;2;177;162;154m▄[0m[48;2;177;162;154m[38;2;177;162;154m▄[0m[48;2;178;163;155m[38;2;178;163;155m▄[0m[48;2;178;163;155m[38;2;0;0;0m▄[0m[48;2;178;163;155m[38;2;0;0;0m▄[0m[38;2;0;0;0m▀[0m[38;2;0;0;0m▄[0m[48;2;0;0;0m[38;2;90;75;66m▄[0m[48;2;90;74;66m[38;2;90;74;66m▄[0m[48;2;90;74;66m[38;2;90;74;66m▄[0m[48;2;90;73;65m[38;2;90;73;65m▄[0m[48;2;123;99;73m[38;2;123;99;73m▄[0m[48;2;0;0;0m[38;2;0;0;0m▄[0m
  [38;2;0;0;0m▄[0m[48;2;0;0;0m[38;2;220;208;200m▄[0m[48;2;220;208;200m[38;2;74;62;54m▄[0m[48;2;220;208;200m[38;2;220;208;200m▄[0m[48;2;219;207;199m[38;2;219;207;199m▄[0m[48;2;219;207;199m[38;2;219;207;199m▄[0m[48;2;175;160;152m[38;2;221;209;201m▄[0m[48;2;127;112;104m[38;2;175;160;152m▄[0m[48;2;123;108;100m[38;2;178;163;155m▄[0m[48;2;67;55;47m[38;2;0;4;8m▄[0m[38;2;0;0;0m▀[0m   [48;2;0;0;0m[38;2;0;0;0m▄[0m[48;2;78;69;66m[38;2;78;69;66m▄[0m[48;2;90;75;66m[38;2;0;0;0m▄[0m[48;2;90;75;66m[38;2;0;0;0m▄[0m[38;2;0;0;0m▀[0m[38;2;0;0;0m▀[0m 
  [48;2;0;0;0m[38;2;0;0;0m▄[0m[48;2;220;208;200m[38;2;220;208;200m▄[0m[48;2;74;62;54m[38;2;220;208;200m▄[0m[48;2;220;208;200m[38;2;220;208;200m▄[0m[48;2;74;62;54m[38;2;74;62;54m▄[0m[48;2;220;208;200m[38;2;220;208;200m▄[0m[48;2;220;208;200m[38;2;220;208;200m▄[0m[48;2;178;163;155m[38;2;220;208;200m▄[0m[48;2;177;162;154m[38;2;177;162;154m▄[0m[48;2;177;162;154m[38;2;177;162;154m▄[0m[48;2;0;0;0m[38;2;0;0;0m▄[0m  [48;2;0;0;0m[38;2;0;0;0m▄[0m[48;2;90;75;66m[38;2;90;75;66m▄[0m[48;2;90;75;66m[38;2;0;0;0m▄[0m[48;2;0;0;0m[38;2;0;0;0m▄[0m    
[38;2;0;0;0m▄[0m[48;2;0;0;0m[38;2;220;208;200m▄[0m[48;2;176;164;156m[38;2;220;208;200m▄[0m[48;2;220;208;200m[38;2;176;164;156m▄[0m[48;2;219;207;199m[38;2;219;207;199m▄[0m[48;2;219;207;199m[38;2;219;207;199m▄[0m[48;2;219;207;199m[38;2;219;207;199m▄[0m[48;2;219;207;199m[38;2;219;207;199m▄[0m[48;2;220;208;200m[38;2;178;163;155m▄[0m[48;2;178;163;155m[38;2;178;163;155m▄[0m[48;2;177;162;154m[38;2;177;162;154m▄[0m[48;2;177;162;154m[38;2;177;162;154m▄[0m[48;2;178;163;155m[38;2;178;163;155m▄[0m[48;2;0;0;0m[38;2;178;163;155m▄[0m[48;2;0;0;0m[38;2;78;69;66m▄[0m[48;2;78;69;66m[38;2;0;0;0m▄[0m[38;2;0;0;0m▀[0m      
[38;2;0;0;0m▀[0m[48;2;74;62;54m[38;2;0;0;0m▄[0m[48;2;79;67;59m[38;2;0;0;8m▄[0m[48;2;220;208;200m[38;2;220;208;200m▄[0m[48;2;228;216;208m[38;2;0;0;8m▄[0m[48;2;155;143;135m[38;2;82;70;62m▄[0m[48;2;74;62;54m[38;2;74;62;54m▄[0m[48;2;177;162;154m[38;2;74;62;54m▄[0m[48;2;226;214;206m[38;2;226;214;206m▄[0m[48;2;155;143;135m[38;2;8;4;8m▄[0m[48;2;74;62;54m[38;2;74;62;54m▄[0m[48;2;220;208;200m[38;2;74;62;54m▄[0m[48;2;155;143;135m[38;2;228;216;208m▄[0m[48;2;82;70;62m[38;2;0;0;8m▄[0m[48;2;74;62;54m[38;2;0;0;0m▄[0m[38;2;0;0;0m▀[0m       
   [38;2;0;0;0m▀[0m [38;2;0;0;0m▀[0m[48;2;74;62;54m[38;2;0;0;0m▄[0m[38;2;0;0;0m▀[0m[38;2;0;0;0m▀[0m[38;2;0;0;0m▀[0m[38;2;0;0;0m▀[0m[48;2;74;62;54m[38;2;0;0;0m▄[0m[38;2;0;0;0m▀[0m          
