Sobble
          [38;2;0;4;0m▄[0m[48;2;0;4;0m[38;2;247;146;193m▄[0m[48;2;0;4;0m[38;2;247;146;193m▄[0m[38;2;0;4;0m▄[0m        
        [38;2;0;4;0m▄[0m[48;2;0;4;0m[38;2;1;154;192m▄[0m[48;2;247;146;193m[38;2;247;145;193m▄[0m[48;2;247;146;193m[38;2;247;145;193m▄[0m[48;2;247;146;193m[38;2;247;146;193m▄[0m[48;2;0;4;0m[38;2;0;4;0m▄[0m        
       [48;2;0;4;0m[38;2;0;4;0m▄[0m[48;2;1;154;192m[38;2;1;176;220m▄[0m[48;2;247;147;194m[38;2;247;112;174m▄[0m[48;2;247;145;193m[38;2;247;99;167m▄[0m[48;2;247;145;193m[38;2;0;4;8m▄[0m[38;2;0;4;0m▀[0m         
      [48;2;0;4;0m[38;2;0;4;0m▄[0m[48;2;1;175;219m[38;2;1;175;219m▄[0m[48;2;247;112;174m[38;2;247;98;166m▄[0m[48;2;247;112;174m[38;2;247;98;166m▄[0m[48;2;165;1;74m[38;2;247;98;166m▄[0m[48;2;0;4;8m[38;2;247;98;166m▄[0m[38;2;0;4;0m▄[0m         
   [38;2;0;4;0m▄[0m[38;2;0;4;0m▄[0m[48;2;66;65;66m[38;2;180;203;255m▄[0m[48;2;1;175;219m[38;2;66;65;66m▄[0m[48;2;1;175;219m[38;2;66;65;66m▄[0m[48;2;66;65;66m[38;2;180;203;255m▄[0m[48;2;247;98;166m[38;2;66;65;66m▄[0m[48;2;247;98;166m[38;2;66;64;66m▄[0m[48;2;66;65;66m[38;2;0;4;0m▄[0m[38;2;0;4;0m▀[0m  [38;2;0;4;0m▄[0m[38;2;0;4;0m▄[0m[38;2;0;4;0m▄[0m[38;2;0;4;0m▄[0m   
 [38;2;0;4;0m▄[0m[48;2;0;4;0m[38;2;180;203;255m▄[0m[48;2;180;203;255m[38;2;180;203;255m▄[0m[48;2;180;203;255m[38;2;180;204;255m▄[0m[48;2;180;203;255m[38;2;205;238;255m▄[0m[48;2;180;203;255m[38;2;180;204;255m▄[0m[48;2;180;203;255m[38;2;180;204;255m▄[0m[48;2;180;203;255m[38;2;180;204;255m▄[0m[48;2;180;203;255m[38;2;180;204;255m▄[0m[48;2;0;4;0m[38;2;180;203;255m▄[0m[38;2;0;4;0m▄[0m [38;2;0;4;0m▄[0m[48;2;0;4;0m[38;2;180;204;255m▄[0m[48;2;180;203;255m[38;2;205;238;255m▄[0m[48;2;205;238;255m[38;2;205;238;255m▄[0m[48;2;205;238;255m[38;2;180;204;255m▄[0m[48;2;180;203;255m[38;2;180;204;255m▄[0m[48;2;0;4;0m[38;2;180;204;255m▄[0m[38;2;0;4;0m▄[0m 
[38;2;0;8;8m▄[0m[48;2;0;4;0m[38;2;152;180;197m▄[0m[48;2;126;169;242m[38;2;227;238;255m▄[0m[48;2;180;203;255m[38;2;121;168;243m▄[0m[48;2;180;204;255m[38;2;180;203;255m▄[0m[48;2;180;204;255m[38;2;180;203;255m▄[0m[48;2;180;204;255m[38;2;255;255;255m▄[0m[48;2;255;255;255m[38;2;1;175;219m▄[0m[48;2;255;255;255m[38;2;255;255;255m▄[0m[48;2;180;204;255m[38;2;255;255;255m▄[0m[48;2;180;203;255m[38;2;180;204;255m▄[0m[48;2;180;203;255m[38;2;180;204;255m▄[0m[48;2;0;4;0m[38;2;66;65;66m▄[0m[48;2;180;203;255m[38;2;180;203;255m▄[0m[48;2;180;204;255m[38;2;180;203;255m▄[0m[48;2;180;204;255m[38;2;180;203;255m▄[0m[48;2;180;204;255m[38;2;66;65;66m▄[0m[48;2;180;204;255m[38;2;66;65;66m▄[0m[48;2;180;204;255m[38;2;180;203;255m▄[0m[48;2;180;204;255m[38;2;180;203;255m▄[0m[48;2;0;4;0m[38;2;180;203;255m▄[0m[38;2;0;4;0m▄[0m
[48;2;0;8;8m[38;2;8;8;0m▄[0m[48;2;220;244;255m[38;2;128;138;143m▄[0m[48;2;227;238;255m[38;2;227;238;255m▄[0m[48;2;227;238;255m[38;2;148;153;123m▄[0m[48;2;126;169;242m[38;2;228;239;255m▄[0m[48;2;126;169;242m[38;2;228;239;255m▄[0m[48;2;1;175;219m[38;2;133;133;167m▄[0m[48;2;255;255;255m[38;2;10;0;38m▄[0m[48;2;1;175;219m[38;2;1;175;219m▄[0m[48;2;255;255;255m[38;2;255;255;255m▄[0m[48;2;180;204;255m[38;2;180;207;255m▄[0m[48;2;180;204;255m[38;2;180;207;255m▄[0m[48;2;180;203;255m[38;2;128;158;217m▄[0m[48;2;66;65;66m[38;2;57;65;66m▄[0m[48;2;180;203;255m[38;2;180;203;255m▄[0m[48;2;66;65;66m[38;2;66;65;66m▄[0m[48;2;1;169;212m[38;2;1;178;223m▄[0m[48;2;1;139;174m[38;2;1;178;223m▄[0m[48;2;66;65;66m[38;2;57;65;66m▄[0m[48;2;180;203;255m[38;2;162;199;255m▄[0m[48;2;180;203;255m[38;2;92;137;229m▄[0m[48;2;0;4;0m[38;2;0;4;0m▄[0m
[38;2;8;8;0m▀[0m[48;2;232;243;252m[38;2;0;4;0m▄[0m[48;2;227;238;255m[38;2;227;238;255m▄[0m[48;2;227;238;255m[38;2;227;238;255m▄[0m[48;2;228;239;255m[38;2;109;113;111m▄[0m[48;2;228;239;255m[38;2;109;113;111m▄[0m[48;2;244;249;255m[38;2;227;238;255m▄[0m[48;2;133;133;167m[38;2;227;238;255m▄[0m[48;2;255;255;255m[38;2;175;197;223m▄[0m[48;2;1;175;219m[38;2;116;128;169m▄[0m[48;2;1;186;233m[38;2;99;106;196m▄[0m[48;2;108;131;232m[38;2;58;60;100m▄[0m[48;2;57;65;66m[38;2;0;4;0m▄[0m[48;2;162;199;255m[38;2;92;137;229m▄[0m[48;2;180;203;255m[38;2;180;203;255m▄[0m[48;2;180;203;255m[38;2;92;135;232m▄[0m[48;2;66;65;66m[38;2;92;137;229m▄[0m[48;2;1;178;223m[38;2;92;137;229m▄[0m[48;2;57;65;66m[38;2;66;65;66m▄[0m[48;2;128;158;217m[38;2;92;137;229m▄[0m[48;2;92;137;229m[38;2;0;4;0m▄[0m[38;2;0;4;0m▀[0m
  [38;2;0;4;0m▀[0m[38;2;0;4;0m▀[0m[48;2;188;208;213m[38;2;0;4;0m▄[0m[48;2;188;208;213m[38;2;0;4;0m▄[0m[48;2;105;113;107m[38;2;66;65;66m▄[0m[48;2;190;203;223m[38;2;66;65;66m▄[0m[48;2;175;197;223m[38;2;107;127;169m▄[0m[48;2;57;56;106m[38;2;107;127;169m▄[0m[48;2;58;60;100m[38;2;140;179;249m▄[0m[48;2;19;14;0m[38;2;140;179;249m▄[0m[38;2;19;9;0m▄[0m[48;2;0;4;0m[38;2;56;64;86m▄[0m[48;2;92;135;232m[38;2;66;65;66m▄[0m[48;2;92;135;232m[38;2;66;65;66m▄[0m[48;2;92;137;229m[38;2;45;60;87m▄[0m[48;2;66;65;66m[38;2;101;143;240m▄[0m[48;2;92;137;229m[38;2;92;137;229m▄[0m[48;2;92;137;229m[38;2;0;4;0m▄[0m[38;2;0;4;0m▀[0m 
    [38;2;0;4;0m▄[0m[48;2;66;64;66m[38;2;92;137;229m▄[0m[48;2;160;191;228m[38;2;52;62;79m▄[0m[48;2;160;191;228m[38;2;52;62;79m▄[0m[48;2;160;191;228m[38;2;227;238;255m▄[0m[48;2;52;58;99m[38;2;227;238;255m▄[0m[48;2;140;179;249m[38;2;66;65;66m▄[0m[48;2;66;65;66m[38;2;180;203;255m▄[0m[48;2;130;173;240m[38;2;66;65;66m▄[0m[48;2;130;173;240m[38;2;121;167;240m▄[0m[48;2;66;65;66m[38;2;121;167;240m▄[0m[48;2;84;109;191m[38;2;66;65;66m▄[0m[48;2;73;101;173m[38;2;0;4;0m▄[0m[38;2;17;19;0m▀[0m[38;2;0;4;0m▀[0m   
   [38;2;0;4;0m▀[0m[48;2;92;137;229m[38;2;0;4;0m▄[0m[48;2;92;137;229m[38;2;0;4;0m▄[0m[48;2;101;143;228m[38;2;0;4;0m▄[0m[38;2;28;22;0m▀[0m[38;2;0;0;19m▀[0m[48;2;119;127;157m[38;2;0;4;0m▄[0m[48;2;66;65;66m[38;2;180;203;255m▄[0m[48;2;180;203;255m[38;2;180;203;255m▄[0m[48;2;66;65;66m[38;2;187;207;253m▄[0m[48;2;66;65;66m[38;2;63;73;95m▄[0m[48;2;121;167;240m[38;2;0;4;0m▄[0m[48;2;121;167;240m[38;2;0;4;0m▄[0m[38;2;0;4;0m▀[0m     
          [38;2;0;4;0m▀[0m[38;2;0;4;0m▀[0m[38;2;0;4;0m▀[0m[38;2;0;4;0m▀[0m        
