Skwovet
            [38;2;0;0;0m▄[0m[48;2;0;0;0m[38;2;124;80;87m▄[0m[48;2;0;0;0m[38;2;124;80;87m▄[0m[38;2;0;0;0m▄[0m[48;2;0;0;0m[38;2;96;68;76m▄[0m[38;2;0;0;0m▄[0m    
      [38;2;0;0;0m▄[0m[38;2;0;0;0m▄[0m     [38;2;0;0;0m▀[0m[48;2;124;80;87m[38;2;0;0;0m▄[0m[48;2;124;80;87m[38;2;124;80;87m▄[0m[48;2;66;65;66m[38;2;124;80;87m▄[0m[48;2;124;80;87m[38;2;124;80;87m▄[0m[48;2;0;0;0m[38;2;124;80;87m▄[0m[48;2;0;0;0m[38;2;124;80;87m▄[0m[38;2;0;0;0m▄[0m 
    [48;2;0;0;0m[38;2;0;0;0m▄[0m[48;2;0;4;0m[38;2;82;55;54m▄[0m[48;2;124;80;83m[38;2;124;80;83m▄[0m[48;2;0;0;0m[38;2;0;0;0m▄[0m [38;2;0;0;0m▄[0m[48;2;0;0;0m[38;2;124;80;87m▄[0m[48;2;0;0;0m[38;2;0;0;0m▄[0m [48;2;0;0;0m[38;2;0;0;0m▄[0m[48;2;124;80;87m[38;2;124;80;87m▄[0m[48;2;124;80;87m[38;2;124;80;87m▄[0m[48;2;124;80;87m[38;2;124;80;87m▄[0m[48;2;124;80;87m[38;2;124;80;87m▄[0m[48;2;124;80;87m[38;2;124;80;87m▄[0m[48;2;124;80;87m[38;2;124;80;87m▄[0m[48;2;124;80;87m[38;2;96;68;79m▄[0m[48;2;0;0;0m[38;2;0;0;0m▄[0m
    [48;2;0;0;0m[38;2;0;0;0m▄[0m[48;2;96;66;75m[38;2;166;79;92m▄[0m[48;2;166;79;92m[38;2;166;79;92m▄[0m[48;2;0;0;0m[38;2;66;67;66m▄[0m[38;2;0;0;0m▄[0m[48;2;0;4;8m[38;2;196;124;138m▄[0m[48;2;129;87;94m[38;2;63;49;50m▄[0m[48;2;82;54;60m[38;2;124;80;90m▄[0m[48;2;0;0;0m[38;2;124;80;90m▄[0m[48;2;99;69;76m[38;2;49;48;49m▄[0m[48;2;124;80;90m[38;2;124;80;90m▄[0m[48;2;124;80;88m[38;2;196;123;140m▄[0m[48;2;196;123;140m[38;2;196;123;140m▄[0m[48;2;124;80;88m[38;2;124;80;88m▄[0m[48;2;124;80;88m[38;2;196;123;140m▄[0m[48;2;132;90;100m[38;2;90;62;71m▄[0m[48;2;90;62;71m[38;2;8;4;8m▄[0m[38;2;0;0;0m▀[0m
   [38;2;0;0;0m▄[0m[48;2;0;0;0m[38;2;196;124;138m▄[0m[48;2;166;79;94m[38;2;196;123;138m▄[0m[48;2;196;123;138m[38;2;196;123;138m▄[0m[48;2;196;123;138m[38;2;196;123;138m▄[0m[48;2;166;79;94m[38;2;196;123;138m▄[0m[48;2;196;124;140m[38;2;196;124;140m▄[0m[48;2;196;124;140m[38;2;196;124;140m▄[0m[48;2;130;83;96m[38;2;196;124;145m▄[0m[48;2;65;41;47m[38;2;0;0;0m▄[0m[38;2;0;0;0m▀[0m[48;2;196;124;138m[38;2;0;0;0m▄[0m[48;2;196;124;140m[38;2;196;124;140m▄[0m[48;2;196;124;140m[38;2;196;124;140m▄[0m[48;2;196;124;138m[38;2;166;79;92m▄[0m[48;2;166;79;92m[38;2;166;79;92m▄[0m[48;2;54;54;49m[38;2;0;0;0m▄[0m[48;2;85;72;71m[38;2;0;0;0m▄[0m[38;2;0;0;0m▀[0m
[38;2;0;0;0m▄[0m[48;2;0;4;0m[38;2;138;80;86m▄[0m[48;2;0;4;0m[38;2;207;121;133m▄[0m[48;2;229;187;194m[38;2;238;167;88m▄[0m[48;2;251;113;154m[38;2;238;167;88m▄[0m[48;2;196;124;138m[38;2;196;124;138m▄[0m[48;2;196;124;138m[38;2;231;189;194m▄[0m[48;2;231;189;194m[38;2;66;65;66m▄[0m[48;2;206;134;150m[38;2;231;189;194m▄[0m[48;2;196;124;138m[38;2;196;124;138m▄[0m[48;2;247;174;90m[38;2;196;124;138m▄[0m[48;2;0;0;0m[38;2;166;80;90m▄[0m[38;2;0;0;0m▄[0m[38;2;0;0;0m▄[0m[48;2;0;0;0m[38;2;49;48;49m▄[0m[48;2;166;80;93m[38;2;166;80;93m▄[0m[48;2;166;80;93m[38;2;166;80;93m▄[0m[48;2;166;79;92m[38;2;166;79;92m▄[0m[48;2;0;0;0m[38;2;0;0;0m▄[0m   
[48;2;0;0;0m[38;2;0;0;0m▄[0m[48;2;187;145;154m[38;2;187;145;154m▄[0m[48;2;243;185;196m[38;2;74;69;66m▄[0m[48;2;136;127;131m[38;2;255;255;255m▄[0m[48;2;221;179;186m[38;2;74;69;66m▄[0m[48;2;231;189;194m[38;2;66;65;66m▄[0m[48;2;176;148;152m[38;2;231;189;194m▄[0m[48;2;247;174;90m[38;2;196;124;138m▄[0m[48;2;196;124;138m[38;2;196;124;138m▄[0m[48;2;247;174;90m[38;2;196;124;138m▄[0m[48;2;196;124;138m[38;2;196;124;138m▄[0m[48;2;166;79;92m[38;2;196;124;138m▄[0m[48;2;196;124;138m[38;2;166;79;92m▄[0m[48;2;196;124;140m[38;2;196;124;140m▄[0m[48;2;196;124;140m[38;2;196;124;140m▄[0m[48;2;49;48;49m[38;2;166;79;92m▄[0m[48;2;166;79;92m[38;2;49;48;49m▄[0m[48;2;0;0;0m[38;2;0;0;0m▄[0m    
 [38;2;0;0;0m▀[0m[48;2;195;167;175m[38;2;0;0;0m▄[0m[48;2;74;69;74m[38;2;184;156;167m▄[0m[48;2;240;196;210m[38;2;240;196;210m▄[0m[48;2;231;189;196m[38;2;231;189;196m▄[0m[48;2;231;189;196m[38;2;231;189;196m▄[0m[48;2;231;189;194m[38;2;231;189;194m▄[0m[48;2;196;124;138m[38;2;196;124;138m▄[0m[48;2;196;124;138m[38;2;166;79;92m▄[0m[48;2;196;124;138m[38;2;166;79;92m▄[0m[48;2;166;79;92m[38;2;166;79;92m▄[0m[48;2;66;65;66m[38;2;66;65;66m▄[0m[48;2;166;80;93m[38;2;166;80;93m▄[0m[48;2;166;80;93m[38;2;166;80;93m▄[0m[48;2;166;79;92m[38;2;166;79;92m▄[0m[48;2;0;0;0m[38;2;0;0;0m▄[0m     
   [38;2;0;0;0m▀[0m[48;2;195;167;175m[38;2;0;0;0m▄[0m[48;2;212;170;177m[38;2;0;4;8m▄[0m[48;2;212;170;177m[38;2;152;110;117m▄[0m[48;2;166;79;92m[38;2;166;79;92m▄[0m[48;2;66;65;66m[38;2;166;79;92m▄[0m[48;2;166;79;92m[38;2;66;65;66m▄[0m[48;2;166;79;92m[38;2;66;65;66m▄[0m[48;2;66;65;66m[38;2;165;83;97m▄[0m[48;2;165;83;97m[38;2;0;0;8m▄[0m[48;2;165;83;97m[38;2;0;0;8m▄[0m[48;2;66;65;66m[38;2;165;83;97m▄[0m[48;2;166;80;90m[38;2;0;0;0m▄[0m[38;2;0;0;0m▀[0m     
      [38;2;0;0;0m▀[0m[48;2;74;66;54m[38;2;0;0;8m▄[0m[48;2;165;83;97m[38;2;165;83;97m▄[0m[48;2;165;83;97m[38;2;165;83;97m▄[0m[48;2;66;65;66m[38;2;0;0;8m▄[0m[38;2;0;0;0m▀[0m  [38;2;0;0;0m▀[0m[38;2;0;0;0m▀[0m      
        [38;2;0;0;0m▀[0m[38;2;0;0;0m▀[0m            
