Blipbug
     [38;2;0;4;0m▄[0m[48;2;0;4;0m[38;2;66;73;127m▄[0m[38;2;0;4;0m▄[0m  [38;2;0;4;0m▄[0m       
     [48;2;0;4;0m[38;2;0;4;0m▄[0m[48;2;66;74;126m[38;2;66;74;126m▄[0m[48;2;0;4;0m[38;2;66;74;126m▄[0m[38;2;0;4;0m▄[0m[48;2;0;4;0m[38;2;99;105;173m▄[0m[48;2;98;104;170m[38;2;98;104;170m▄[0m[48;2;0;4;0m[38;2;0;4;0m▄[0m      
 [38;2;0;4;0m▄[0m[38;2;0;4;0m▄[0m  [38;2;0;4;0m▄[0m[48;2;8;8;0m[38;2;57;56;76m▄[0m[48;2;82;81;115m[38;2;57;56;76m▄[0m[48;2;53;56;82m[38;2;99;105;165m▄[0m[48;2;99;105;165m[38;2;8;8;0m▄[0m[38;2;0;4;0m▀[0m       
[38;2;0;4;0m▀[0m[48;2;66;73;127m[38;2;0;4;0m▄[0m[48;2;74;77;123m[38;2;74;77;123m▄[0m[48;2;8;8;0m[38;2;52;54;82m▄[0m[48;2;0;4;0m[38;2;98;104;170m▄[0m[48;2;98;104;170m[38;2;98;104;170m▄[0m[48;2;96;105;170m[38;2;96;105;170m▄[0m[48;2;96;105;170m[38;2;96;105;170m▄[0m[48;2;96;105;170m[38;2;96;105;170m▄[0m[48;2;96;105;170m[38;2;96;105;170m▄[0m[48;2;0;4;0m[38;2;99;105;173m▄[0m[38;2;0;4;0m▄[0m[38;2;0;4;0m▄[0m[48;2;0;4;0m[38;2;99;105;173m▄[0m[48;2;0;4;0m[38;2;99;105;173m▄[0m[38;2;0;4;0m▄[0m  
[38;2;0;4;0m▀[0m[48;2;66;73;127m[38;2;0;4;0m▄[0m[48;2;66;65;66m[38;2;66;65;66m▄[0m[48;2;98;105;170m[38;2;66;65;66m▄[0m[48;2;96;105;170m[38;2;96;105;170m▄[0m[48;2;96;105;170m[38;2;96;105;170m▄[0m[48;2;98;105;170m[38;2;98;105;170m▄[0m[48;2;66;65;66m[38;2;98;105;170m▄[0m[48;2;66;65;66m[38;2;98;105;170m▄[0m[48;2;98;105;170m[38;2;66;65;66m▄[0m[48;2;98;105;170m[38;2;98;105;170m▄[0m[48;2;66;65;66m[38;2;98;105;170m▄[0m[48;2;98;105;170m[38;2;66;65;66m▄[0m[48;2;98;105;170m[38;2;98;105;170m▄[0m[48;2;0;4;0m[38;2;99;105;173m▄[0m[38;2;0;4;0m▄[0m  
 [38;2;0;4;0m▄[0m[48;2;0;4;0m[38;2;255;255;255m▄[0m[48;2;255;255;255m[38;2;255;255;255m▄[0m[48;2;49;48;90m[38;2;247;247;255m▄[0m[48;2;115;114;145m[38;2;115;114;145m▄[0m[48;2;120;123;134m[38;2;57;60;74m▄[0m[48;2;57;60;74m[38;2;247;251;255m▄[0m[48;2;57;60;74m[38;2;247;251;255m▄[0m[48;2;120;123;134m[38;2;57;60;74m▄[0m[48;2;96;105;170m[38;2;96;105;170m▄[0m[48;2;96;105;170m[38;2;96;105;170m▄[0m[48;2;57;59;82m[38;2;106;110;164m▄[0m[48;2;57;59;82m[38;2;8;8;0m▄[0m[38;2;0;4;0m▀[0m   
 [48;2;0;4;0m[38;2;0;4;0m▄[0m[48;2;255;255;255m[38;2;95;95;95m▄[0m[48;2;95;95;95m[38;2;95;95;95m▄[0m[48;2;99;101;101m[38;2;165;174;173m▄[0m[48;2;66;65;66m[38;2;66;65;66m▄[0m[48;2;255;255;255m[38;2;255;255;255m▄[0m[48;2;255;255;255m[38;2;255;255;255m▄[0m[48;2;255;255;255m[38;2;95;95;95m▄[0m[48;2;255;255;255m[38;2;95;95;95m▄[0m[48;2;62;63;68m[38;2;62;63;68m▄[0m[48;2;90;101;173m[38;2;76;82;120m▄[0m[48;2;66;74;126m[38;2;66;74;126m▄[0m[48;2;0;4;0m[38;2;0;4;0m▄[0m    
 [38;2;0;4;0m▀[0m[48;2;173;174;173m[38;2;0;4;0m▄[0m[48;2;173;174;173m[38;2;173;174;173m▄[0m[48;2;170;175;170m[38;2;66;65;66m▄[0m[48;2;66;65;66m[38;2;66;65;66m▄[0m[48;2;255;255;255m[38;2;95;95;95m▄[0m[48;2;95;95;95m[38;2;175;175;175m▄[0m[48;2;94;97;94m[38;2;173;174;173m▄[0m[48;2;173;174;173m[38;2;173;174;173m▄[0m[48;2;66;65;66m[38;2;66;65;66m▄[0m[48;2;66;65;66m[38;2;170;157;137m▄[0m[48;2;66;64;66m[38;2;0;4;0m▄[0m[38;2;0;4;0m▀[0m    
  [38;2;0;4;0m▀[0m[48;2;66;64;66m[38;2;0;4;0m▄[0m[48;2;255;235;170m[38;2;255;235;170m▄[0m[48;2;255;235;170m[38;2;255;235;170m▄[0m[48;2;66;65;74m[38;2;247;235;189m▄[0m[48;2;186;178;150m[38;2;66;65;74m▄[0m[48;2;170;165;154m[38;2;66;65;66m▄[0m[48;2;66;65;66m[38;2;170;165;154m▄[0m[48;2;170;158;137m[38;2;170;158;137m▄[0m[48;2;170;158;137m[38;2;0;4;0m▄[0m[38;2;0;4;0m▀[0m     
   [38;2;0;4;0m▄[0m[48;2;0;4;8m[38;2;255;199;132m▄[0m[48;2;255;199;132m[38;2;85;69;49m▄[0m[48;2;178;145;109m[38;2;57;73;82m▄[0m[48;2;178;145;109m[38;2;239;182;123m▄[0m[48;2;173;158;140m[38;2;57;58;52m▄[0m[48;2;173;158;140m[38;2;0;8;8m▄[0m[38;2;0;4;0m▀[0m  [48;2;0;4;0m[38;2;0;4;0m▄[0m[48;2;0;4;0m[38;2;99;105;173m▄[0m[38;2;0;4;0m▄[0m[48;2;0;4;0m[38;2;98;104;170m▄[0m[48;2;0;4;0m[38;2;0;4;0m▄[0m
   [38;2;0;4;0m▄[0m[48;2;0;8;16m[38;2;255;166;90m▄[0m[48;2;255;166;90m[38;2;85;60;40m▄[0m[48;2;255;166;82m[38;2;66;65;66m▄[0m[48;2;66;65;66m[38;2;255;166;82m▄[0m[48;2;148;151;170m[38;2;74;75;85m▄[0m[48;2;0;0;0m[38;2;222;227;255m▄[0m[38;2;0;4;0m▄[0m[38;2;0;4;0m▄[0m[48;2;8;8;0m[38;2;99;105;165m▄[0m[48;2;53;56;82m[38;2;99;105;165m▄[0m[48;2;66;65;66m[38;2;66;65;66m▄[0m[48;2;98;105;170m[38;2;66;65;66m▄[0m[48;2;66;64;66m[38;2;0;4;0m▄[0m[38;2;0;4;0m▀[0m
    [38;2;0;4;0m▀[0m[48;2;66;64;66m[38;2;0;4;0m▄[0m[48;2;255;243;214m[38;2;66;65;66m▄[0m[48;2;66;65;66m[38;2;255;243;214m▄[0m[48;2;255;255;255m[38;2;255;255;255m▄[0m[48;2;255;255;255m[38;2;189;146;66m▄[0m[48;2;192;145;62m[38;2;255;166;82m▄[0m[48;2;255;166;82m[38;2;255;166;82m▄[0m[48;2;76;86;142m[38;2;76;86;142m▄[0m[48;2;95;103;170m[38;2;95;103;170m▄[0m[48;2;98;104;170m[38;2;98;104;170m▄[0m[48;2;0;4;0m[38;2;0;4;0m▄[0m  
     [38;2;0;4;0m▀[0m[48;2;173;158;140m[38;2;0;8;8m▄[0m[48;2;57;58;52m[38;2;0;8;8m▄[0m[48;2;85;77;63m[38;2;0;0;8m▄[0m[48;2;255;231;173m[38;2;255;231;173m▄[0m[48;2;170;159;139m[38;2;255;235;189m▄[0m[48;2;85;83;90m[38;2;0;8;41m▄[0m[48;2;99;105;173m[38;2;0;4;0m▄[0m[38;2;0;4;0m▀[0m[38;2;0;4;0m▀[0m   
         [38;2;0;4;0m▀[0m[38;2;0;4;0m▀[0m       
