Doduo
     [38;2;0;0;0m▄[0m[48;2;0;0;0m[38;2;183;213;54m▄[0m[38;2;0;0;0m▄[0m[38;2;0;0;0m▄[0m            
   [38;2;0;0;0m▄[0m[48;2;0;0;0m[38;2;138;168;9m▄[0m[48;2;183;213;54m[38;2;183;213;54m▄[0m[48;2;183;213;54m[38;2;183;213;54m▄[0m[48;2;138;168;9m[38;2;183;213;54m▄[0m[48;2;183;213;54m[38;2;183;213;54m▄[0m[48;2;0;0;0m[38;2;138;168;9m▄[0m[38;2;0;0;0m▄[0m[38;2;0;0;0m▄[0m[38;2;0;0;0m▄[0m[48;2;0;0;0m[38;2;138;168;9m▄[0m[38;2;0;0;0m▄[0m      
   [48;2;0;0;0m[38;2;0;0;0m▄[0m[48;2;183;213;54m[38;2;183;213;54m▄[0m[48;2;183;213;54m[38;2;183;213;54m▄[0m[48;2;183;213;54m[38;2;255;255;255m▄[0m[48;2;183;213;54m[38;2;65;65;65m▄[0m[48;2;183;213;54m[38;2;183;213;54m▄[0m[48;2;183;213;54m[38;2;65;65;65m▄[0m[48;2;65;65;65m[38;2;138;168;9m▄[0m[48;2;183;213;54m[38;2;183;213;54m▄[0m[48;2;138;168;9m[38;2;183;213;54m▄[0m[48;2;183;213;54m[38;2;183;213;54m▄[0m[48;2;183;213;54m[38;2;138;168;9m▄[0m[48;2;0;0;0m[38;2;138;168;9m▄[0m[48;2;0;0;0m[38;2;65;65;65m▄[0m[48;2;0;0;0m[38;2;183;213;54m▄[0m[38;2;0;0;0m▄[0m[38;2;0;0;0m▄[0m 
  [38;2;0;0;0m▄[0m[48;2;0;0;0m[38;2;109;133;1m▄[0m[48;2;109;133;1m[38;2;206;191;116m▄[0m[48;2;183;213;54m[38;2;109;133;1m▄[0m[48;2;109;133;1m[38;2;138;168;9m▄[0m[48;2;0;0;0m[38;2;138;168;9m▄[0m[48;2;138;168;9m[38;2;138;168;9m▄[0m[48;2;65;65;65m[38;2;65;65;65m▄[0m[48;2;183;213;54m[38;2;183;213;54m▄[0m[48;2;183;213;54m[38;2;183;213;54m▄[0m[48;2;183;213;54m[38;2;183;213;54m▄[0m[48;2;183;213;54m[38;2;255;255;255m▄[0m[48;2;183;213;54m[38;2;65;65;65m▄[0m[48;2;183;213;54m[38;2;138;168;9m▄[0m[48;2;65;65;65m[38;2;65;65;65m▄[0m[48;2;183;213;54m[38;2;183;213;54m▄[0m[48;2;183;213;54m[38;2;183;213;54m▄[0m[48;2;0;0;0m[38;2;183;213;54m▄[0m[38;2;0;0;0m▄[0m
 [38;2;0;0;0m▄[0m[48;2;0;0;0m[38;2;206;191;116m▄[0m[48;2;206;191;116m[38;2;206;191;116m▄[0m[48;2;206;191;116m[38;2;0;0;0m▄[0m[38;2;0;0;0m▀[0m[38;2;0;0;0m▀[0m[48;2;138;168;9m[38;2;0;0;0m▄[0m[38;2;0;0;0m▀[0m[48;2;0;0;0m[38;2;0;0;0m▄[0m[48;2;109;133;1m[38;2;237;222;147m▄[0m[48;2;65;65;65m[38;2;237;222;147m▄[0m[48;2;183;213;54m[38;2;65;65;65m▄[0m[48;2;109;133;1m[38;2;138;168;9m▄[0m[48;2;0;0;0m[38;2;138;168;9m▄[0m[48;2;138;168;9m[38;2;138;168;9m▄[0m[48;2;138;168;9m[38;2;65;65;65m▄[0m[48;2;65;65;65m[38;2;183;213;54m▄[0m[48;2;183;213;54m[38;2;138;168;9m▄[0m[48;2;0;0;0m[38;2;138;168;9m▄[0m[38;2;0;0;0m▄[0m
[48;2;0;0;0m[38;2;0;0;0m▄[0m[48;2;206;191;116m[38;2;0;0;0m▄[0m[38;2;0;0;0m▀[0m[38;2;0;0;0m▀[0m   [38;2;0;0;0m▄[0m[48;2;0;0;0m[38;2;237;222;147m▄[0m[48;2;237;222;147m[38;2;237;222;147m▄[0m[48;2;237;222;147m[38;2;65;65;65m▄[0m[48;2;65;65;65m[38;2;109;133;1m▄[0m[48;2;183;213;54m[38;2;183;213;54m▄[0m[48;2;138;168;9m[38;2;65;65;65m▄[0m[48;2;65;65;65m[38;2;138;168;9m▄[0m[48;2;65;65;65m[38;2;138;168;9m▄[0m[48;2;138;168;9m[38;2;138;168;9m▄[0m[48;2;138;168;9m[38;2;138;168;9m▄[0m[48;2;138;168;9m[38;2;138;168;9m▄[0m[48;2;138;168;9m[38;2;0;0;0m▄[0m[38;2;0;0;0m▀[0m
       [38;2;0;0;0m▀[0m[48;2;237;222;147m[38;2;0;0;0m▄[0m[38;2;0;0;0m▀[0m[38;2;0;0;0m▀[0m[48;2;183;213;54m[38;2;0;0;0m▄[0m[48;2;0;0;0m[38;2;65;65;65m▄[0m[48;2;138;168;9m[38;2;65;65;65m▄[0m[48;2;65;65;65m[38;2;183;213;54m▄[0m[48;2;138;168;9m[38;2;0;0;0m▄[0m[38;2;0;0;0m▀[0m[48;2;138;168;9m[38;2;0;0;0m▄[0m[48;2;65;65;65m[38;2;65;65;65m▄[0m[48;2;0;0;0m[38;2;183;213;54m▄[0m[38;2;0;0;0m▄[0m
           [38;2;0;0;0m▀[0m[48;2;183;213;54m[38;2;0;0;0m▄[0m[48;2;183;213;54m[38;2;0;0;0m▄[0m[48;2;0;0;0m[38;2;0;0;0m▄[0m[38;2;0;0;0m▀[0m [38;2;0;0;0m▄[0m[48;2;0;0;0m[38;2;237;222;147m▄[0m[48;2;183;213;54m[38;2;0;0;0m▄[0m[38;2;0;0;0m▀[0m
                [48;2;0;0;0m[38;2;0;0;0m▄[0m[48;2;237;222;147m[38;2;0;0;0m▄[0m[38;2;0;0;0m▀[0m[48;2;237;222;147m[38;2;0;0;0m▄[0m[48;2;0;0;0m[38;2;0;0;0m▄[0m
