Applin
  [38;2;0;0;0m▄[0m[48;2;0;0;0m[38;2;173;223;115m▄[0m[48;2;0;0;0m[38;2;173;223;115m▄[0m[38;2;0;0;0m▄[0m  [38;2;0;0;0m▄[0m[38;2;0;0;0m▄[0m[38;2;0;0;0m▄[0m    
 [48;2;0;0;0m[38;2;0;0;0m▄[0m[48;2;173;223;115m[38;2;173;223;115m▄[0m[48;2;183;197;96m[38;2;247;255;107m▄[0m[48;2;183;197;96m[38;2;57;81;74m▄[0m[48;2;173;223;115m[38;2;173;223;115m▄[0m[48;2;0;0;8m[38;2;57;74;43m▄[0m[48;2;0;0;0m[38;2;173;223;115m▄[0m[48;2;173;223;115m[38;2;173;223;115m▄[0m[48;2;173;222;115m[38;2;173;222;115m▄[0m[48;2;173;222;115m[38;2;173;222;115m▄[0m[48;2;0;0;0m[38;2;0;0;0m▄[0m   
 [38;2;0;0;0m▀[0m[48;2;173;223;115m[38;2;0;0;0m▄[0m[48;2;137;174;90m[38;2;173;227;107m▄[0m[48;2;66;69;57m[38;2;173;227;107m▄[0m[48;2;173;223;115m[38;2;90;134;33m▄[0m[48;2;131;178;74m[38;2;173;223;115m▄[0m[48;2;247;243;82m[38;2;152;158;74m▄[0m[48;2;57;73;66m[38;2;57;73;66m▄[0m[48;2;181;231;115m[38;2;181;231;115m▄[0m[48;2;123;156;76m[38;2;8;8;0m▄[0m[38;2;0;0;0m▀[0m   
  [48;2;0;0;0m[38;2;0;0;0m▄[0m[48;2;137;174;90m[38;2;66;69;57m▄[0m[48;2;173;227;107m[38;2;173;227;107m▄[0m[48;2;132;182;66m[38;2;173;223;115m▄[0m[48;2;173;223;115m[38;2;173;223;115m▄[0m[48;2;173;227;107m[38;2;137;174;90m▄[0m[48;2;173;227;107m[38;2;66;69;57m▄[0m[48;2;0;0;0m[38;2;0;0;0m▄[0m     
[38;2;0;0;0m▄[0m[48;2;0;0;0m[38;2;52;120;51m▄[0m[48;2;52;120;51m[38;2;52;120;51m▄[0m[48;2;114;160;113m[38;2;181;236;180m▄[0m[48;2;66;65;66m[38;2;114;160;113m▄[0m[48;2;66;65;66m[38;2;52;120;51m▄[0m[48;2;66;65;66m[38;2;52;120;51m▄[0m[48;2;66;65;66m[38;2;52;120;51m▄[0m[48;2;52;120;51m[38;2;52;120;51m▄[0m[48;2;52;120;51m[38;2;52;120;51m▄[0m[48;2;0;0;0m[38;2;52;120;51m▄[0m[38;2;0;0;0m▄[0m   
[48;2;0;0;0m[38;2;0;0;0m▄[0m[48;2;106;160;73m[38;2;106;160;73m▄[0m[48;2;52;120;51m[38;2;106;160;73m▄[0m[48;2;52;120;51m[38;2;106;160;73m▄[0m[48;2;106;160;73m[38;2;106;160;73m▄[0m[48;2;106;160;73m[38;2;106;160;73m▄[0m[48;2;52;120;51m[38;2;106;160;73m▄[0m[48;2;52;120;51m[38;2;106;160;73m▄[0m[48;2;52;120;51m[38;2;106;160;73m▄[0m[48;2;106;160;73m[38;2;106;160;73m▄[0m[48;2;106;160;73m[38;2;72;126;39m▄[0m[48;2;0;0;0m[38;2;66;67;66m▄[0m[38;2;0;0;0m▄[0m [38;2;0;0;0m▄[0m
[38;2;0;0;0m▀[0m[48;2;159;105;66m[38;2;16;0;0m▄[0m[48;2;231;158;99m[38;2;231;158;99m▄[0m[48;2;107;161;74m[38;2;107;161;74m▄[0m[48;2;107;161;74m[38;2;107;161;74m▄[0m[48;2;107;161;74m[38;2;107;161;74m▄[0m[48;2;107;161;74m[38;2;107;161;74m▄[0m[48;2;116;170;83m[38;2;222;166;99m▄[0m[48;2;116;170;83m[38;2;61;115;28m▄[0m[48;2;72;126;39m[38;2;72;126;39m▄[0m[48;2;72;126;39m[38;2;65;64;65m▄[0m[48;2;60;70;49m[38;2;96;128;49m▄[0m[48;2;132;186;49m[38;2;96;128;49m▄[0m[48;2;0;0;0m[38;2;132;182;66m▄[0m[38;2;0;0;0m▄[0m
 [38;2;0;0;0m▀[0m[48;2;165;134;74m[38;2;0;0;0m▄[0m[48;2;222;178;99m[38;2;8;4;0m▄[0m[48;2;222;178;99m[38;2;150;120;66m▄[0m[48;2;214;174;99m[38;2;164;132;74m▄[0m[48;2;214;174;99m[38;2;164;132;74m▄[0m[48;2;165;134;74m[38;2;165;134;74m▄[0m[48;2;165;134;74m[38;2;0;0;0m▄[0m[48;2;165;134;74m[38;2;0;0;0m▄[0m[38;2;0;0;0m▀[0m[38;2;0;0;0m▀[0m[38;2;0;0;0m▀[0m[38;2;0;0;0m▀[0m 
    [38;2;0;0;0m▀[0m[38;2;0;0;0m▀[0m[38;2;0;0;0m▀[0m[38;2;0;0;0m▀[0m       
