Clobbopus
      [38;2;0;0;0m▄[0m[38;2;0;0;0m▄[0m[48;2;0;0;0m[38;2;134;164;212m▄[0m[48;2;0;0;0m[38;2;255;109;57m▄[0m[48;2;0;0;0m[38;2;201;144;109m▄[0m[48;2;0;0;0m[38;2;134;164;212m▄[0m[48;2;0;0;0m[38;2;134;164;212m▄[0m[48;2;0;0;0m[38;2;134;164;212m▄[0m[38;2;0;0;0m▄[0m[38;2;0;0;0m▄[0m   
    [38;2;0;0;0m▄[0m[48;2;0;0;0m[38;2;134;164;212m▄[0m[48;2;134;164;212m[38;2;134;164;212m▄[0m[48;2;134;164;212m[38;2;255;109;57m▄[0m[48;2;134;164;212m[38;2;203;143;118m▄[0m[48;2;134;164;212m[38;2;134;164;212m▄[0m[48;2;134;164;212m[38;2;134;164;212m▄[0m[48;2;255;113;57m[38;2;134;164;212m▄[0m[48;2;203;143;118m[38;2;134;164;212m▄[0m[48;2;134;164;212m[38;2;134;164;212m▄[0m[48;2;134;164;212m[38;2;134;164;212m▄[0m[48;2;134;164;212m[38;2;134;164;212m▄[0m[48;2;0;0;0m[38;2;134;164;212m▄[0m[38;2;0;0;0m▄[0m 
   [38;2;0;0;0m▄[0m[48;2;0;0;0m[38;2;194;155;94m▄[0m[48;2;134;164;212m[38;2;178;169;156m▄[0m[48;2;134;164;212m[38;2;134;164;212m▄[0m[48;2;134;164;212m[38;2;178;169;156m▄[0m[48;2;134;164;212m[38;2;194;155;94m▄[0m[48;2;134;164;212m[38;2;134;164;212m▄[0m[48;2;255;113;57m[38;2;134;164;212m▄[0m[48;2;201;144;109m[38;2;134;164;212m▄[0m[48;2;134;164;212m[38;2;134;164;212m▄[0m[48;2;134;164;212m[38;2;134;164;212m▄[0m[48;2;134;164;212m[38;2;134;164;212m▄[0m[48;2;134;164;212m[38;2;134;164;212m▄[0m[48;2;134;164;212m[38;2;134;164;212m▄[0m[48;2;0;0;0m[38;2;134;164;212m▄[0m[38;2;0;0;0m▄[0m
  [38;2;8;0;0m▄[0m[48;2;0;0;0m[38;2;79;140;154m▄[0m[48;2;255;109;55m[38;2;206;138;107m▄[0m[48;2;255;109;55m[38;2;206;138;107m▄[0m[48;2;211;172;111m[38;2;255;110;55m▄[0m[48;2;255;109;57m[38;2;255;110;55m▄[0m[48;2;255;109;57m[38;2;255;109;57m▄[0m[48;2;229;136;80m[38;2;255;109;57m▄[0m[48;2;134;164;212m[38;2;211;172;111m▄[0m[48;2;134;164;212m[38;2;134;164;212m▄[0m[48;2;134;164;212m[38;2;134;164;212m▄[0m[48;2;134;164;212m[38;2;134;164;212m▄[0m[48;2;134;164;212m[38;2;134;164;212m▄[0m[48;2;134;164;212m[38;2;134;164;212m▄[0m[48;2;134;164;212m[38;2;134;164;212m▄[0m[48;2;134;164;212m[38;2;116;117;139m▄[0m[48;2;0;0;0m[38;2;0;0;0m▄[0m
[38;2;0;4;16m▄[0m[48;2;0;0;0m[38;2;132;74;71m▄[0m[48;2;43;70;77m[38;2;66;60;66m▄[0m[48;2;8;0;0m[38;2;71;130;183m▄[0m[48;2;0;0;0m[38;2;132;207;222m▄[0m[48;2;206;138;107m[38;2;255;121;66m▄[0m[48;2;255;110;55m[38;2;255;109;54m▄[0m[48;2;255;110;55m[38;2;255;109;54m▄[0m[48;2;115;195;214m[38;2;0;0;0m▄[0m[48;2;115;195;214m[38;2;0;0;0m▄[0m[48;2;255;109;57m[38;2;255;109;55m▄[0m[48;2;208;169;108m[38;2;211;172;111m▄[0m[48;2;134;164;212m[38;2;134;164;212m▄[0m[48;2;136;166;206m[38;2;255;109;57m▄[0m[48;2;116;117;139m[38;2;255;130;90m▄[0m[48;2;134;164;212m[38;2;160;103;86m▄[0m[48;2;116;117;139m[38;2;119;116;143m▄[0m[48;2;116;117;139m[38;2;0;0;0m▄[0m[38;2;0;0;0m▀[0m
[48;2;0;4;16m[38;2;0;0;0m▄[0m[48;2;198;109;99m[38;2;222;93;49m▄[0m[48;2;224;215;202m[38;2;228;219;206m▄[0m[48;2;66;60;66m[38;2;228;219;206m▄[0m[48;2;255;121;66m[38;2;64;68;75m▄[0m[48;2;199;160;99m[38;2;134;164;212m▄[0m[48;2;229;190;129m[38;2;134;164;212m▄[0m[48;2;255;109;54m[38;2;229;190;129m▄[0m[48;2;115;195;214m[38;2;255;109;57m▄[0m[48;2;115;195;214m[38;2;255;109;57m▄[0m[48;2;255;109;55m[38;2;209;170;109m▄[0m[48;2;211;172;111m[38;2;134;164;212m▄[0m[48;2;134;164;212m[38;2;134;164;212m▄[0m[48;2;255;109;57m[38;2;53;51;79m▄[0m[48;2;65;77;82m[38;2;252;243;230m▄[0m[48;2;65;77;82m[38;2;252;243;230m▄[0m[48;2;0;0;0m[38;2;254;245;232m▄[0m[38;2;0;0;0m▄[0m 
 [38;2;0;0;0m▀[0m[38;2;8;8;0m▀[0m[48;2;90;89;88m[38;2;0;0;0m▄[0m[48;2;110;115;128m[38;2;134;164;212m▄[0m[48;2;134;164;212m[38;2;110;121;135m▄[0m[48;2;134;164;212m[38;2;87;90;110m▄[0m[48;2;134;164;212m[38;2;134;164;212m▄[0m[48;2;134;164;212m[38;2;134;164;212m▄[0m[48;2;134;164;212m[38;2;110;111;133m▄[0m[48;2;134;164;212m[38;2;134;164;212m▄[0m[48;2;140;167;190m[38;2;113;115;133m▄[0m[48;2;53;51;79m[38;2;66;65;66m▄[0m[48;2;255;255;255m[38;2;255;109;57m▄[0m[48;2;252;243;230m[38;2;255;109;57m▄[0m[48;2;252;243;230m[38;2;238;229;216m▄[0m[48;2;254;245;232m[38;2;254;245;232m▄[0m[48;2;254;245;232m[38;2;222;213;200m▄[0m[48;2;0;0;0m[38;2;0;0;0m▄[0m
    [38;2;0;0;0m▀[0m[38;2;0;0;0m▀[0m[38;2;0;0;16m▀[0m[48;2;134;164;212m[38;2;0;0;0m▄[0m[48;2;110;111;133m[38;2;0;0;0m▄[0m[38;2;8;4;8m▀[0m[38;2;0;0;8m▀[0m[48;2;134;164;212m[38;2;0;0;0m▄[0m[48;2;66;65;66m[38;2;0;0;0m▄[0m[48;2;255;109;57m[38;2;0;0;0m▄[0m[48;2;255;109;57m[38;2;220;211;198m▄[0m[48;2;238;229;216m[38;2;220;211;198m▄[0m[48;2;222;213;200m[38;2;222;213;200m▄[0m[48;2;222;213;200m[38;2;0;0;0m▄[0m[38;2;0;0;0m▀[0m
              [38;2;0;0;0m▀[0m[38;2;0;0;0m▀[0m[38;2;0;0;0m▀[0m  
