Morgrem
  [38;2;0;0;0m▄[0m[48;2;0;0;0m[38;2;1;128;159m▄[0m[38;2;0;0;0m▄[0m  [38;2;0;0;0m▄[0m[38;2;0;0;0m▄[0m[38;2;0;0;0m▄[0m[38;2;0;0;0m▄[0m           
 [38;2;0;0;0m▄[0m[48;2;0;0;0m[38;2;1;128;159m▄[0m[48;2;1;128;159m[38;2;1;128;159m▄[0m[48;2;66;65;66m[38;2;66;65;66m▄[0m[48;2;0;0;0m[38;2;197;196;205m▄[0m[48;2;0;0;0m[38;2;197;196;205m▄[0m[48;2;199;198;207m[38;2;199;198;207m▄[0m[48;2;199;198;207m[38;2;199;198;207m▄[0m[48;2;199;198;207m[38;2;199;198;207m▄[0m[48;2;199;198;207m[38;2;199;198;207m▄[0m[48;2;0;0;0m[38;2;197;196;205m▄[0m[48;2;0;0;0m[38;2;197;196;205m▄[0m[38;2;0;0;0m▄[0m[38;2;0;0;0m▄[0m[48;2;0;0;0m[38;2;23;173;209m▄[0m[38;2;0;0;0m▄[0m     
 [48;2;0;8;0m[38;2;0;8;0m▄[0m[48;2;1;136;169m[38;2;1;72;89m▄[0m[48;2;66;65;66m[38;2;197;196;205m▄[0m[48;2;197;196;205m[38;2;197;196;205m▄[0m[48;2;199;198;207m[38;2;199;198;207m▄[0m[48;2;199;198;207m[38;2;238;237;246m▄[0m[48;2;238;237;246m[38;2;199;198;207m▄[0m[48;2;199;198;207m[38;2;199;198;207m▄[0m[48;2;199;198;207m[38;2;238;237;246m▄[0m[48;2;199;198;207m[38;2;199;198;207m▄[0m[48;2;199;198;207m[38;2;199;198;207m▄[0m[48;2;199;198;207m[38;2;199;198;207m▄[0m[48;2;197;196;205m[38;2;197;196;205m▄[0m[48;2;66;65;66m[38;2;66;65;66m▄[0m[48;2;23;173;209m[38;2;23;173;209m▄[0m[48;2;0;0;0m[38;2;23;173;209m▄[0m[38;2;0;0;0m▄[0m    
[48;2;0;0;0m[38;2;0;0;0m▄[0m[48;2;57;69;74m[38;2;26;176;212m▄[0m[48;2;191;190;199m[38;2;57;69;74m▄[0m[48;2;197;196;205m[38;2;170;169;178m▄[0m[48;2;197;196;205m[38;2;197;196;205m▄[0m[48;2;199;198;207m[38;2;199;198;207m▄[0m[48;2;199;198;207m[38;2;199;198;207m▄[0m[48;2;199;198;207m[38;2;199;198;207m▄[0m[48;2;238;237;246m[38;2;199;198;207m▄[0m[48;2;197;196;205m[38;2;66;65;66m▄[0m[48;2;197;196;205m[38;2;197;196;205m▄[0m[48;2;199;198;207m[38;2;199;198;207m▄[0m[48;2;199;198;207m[38;2;199;198;207m▄[0m[48;2;66;65;66m[38;2;66;65;66m▄[0m[48;2;222;69;107m[38;2;222;69;107m▄[0m[48;2;1;129;160m[38;2;1;129;160m▄[0m[48;2;23;173;209m[38;2;23;173;209m▄[0m[48;2;0;0;0m[38;2;0;0;0m▄[0m    
 [48;2;0;0;0m[38;2;0;0;0m▄[0m[48;2;27;177;213m[38;2;1;124;154m▄[0m[48;2;57;69;74m[38;2;26;176;212m▄[0m[48;2;191;190;199m[38;2;57;69;74m▄[0m[48;2;120;115;129m[38;2;57;52;66m▄[0m[48;2;57;52;66m[38;2;247;243;255m▄[0m[48;2;115;48;66m[38;2;115;48;66m▄[0m[48;2;115;48;66m[38;2;255;255;255m▄[0m[48;2;156;158;160m[38;2;247;251;255m▄[0m[48;2;66;65;66m[38;2;66;65;66m▄[0m[48;2;197;196;205m[38;2;197;196;205m▄[0m[48;2;66;65;66m[38;2;66;65;66m▄[0m[48;2;222;54;65m[38;2;1;128;159m▄[0m[48;2;222;54;65m[38;2;1;128;159m▄[0m[48;2;1;122;152m[38;2;23;173;209m▄[0m[48;2;23;173;209m[38;2;0;4;0m▄[0m[38;2;0;0;0m▀[0m    
 [38;2;0;0;0m▀[0m[48;2;66;65;66m[38;2;0;0;0m▄[0m[48;2;20;170;206m[38;2;82;60;49m▄[0m[48;2;20;170;206m[38;2;1;147;183m▄[0m[48;2;1;132;164m[38;2;21;171;207m▄[0m[48;2;66;60;66m[38;2;21;171;207m▄[0m[48;2;255;255;255m[38;2;66;65;66m▄[0m[48;2;255;255;255m[38;2;66;65;66m▄[0m[48;2;66;65;66m[38;2;23;173;209m▄[0m[48;2;23;173;209m[38;2;23;173;209m▄[0m[48;2;66;60;66m[38;2;21;171;207m▄[0m[48;2;1;132;164m[38;2;21;171;207m▄[0m[48;2;23;173;209m[38;2;66;65;66m▄[0m[48;2;23;173;209m[38;2;66;65;66m▄[0m[48;2;66;65;66m[38;2;181;180;189m▄[0m[48;2;197;196;205m[38;2;197;196;205m▄[0m[48;2;0;0;0m[38;2;0;0;0m▄[0m    
  [38;2;0;0;0m▀[0m[48;2;171;170;179m[38;2;0;0;0m▄[0m[38;2;0;0;0m▀[0m[48;2;1;133;166m[38;2;0;12;8m▄[0m[48;2;1;133;166m[38;2;1;73;90m▄[0m[48;2;173;56;66m[38;2;173;56;66m▄[0m[48;2;255;255;255m[38;2;173;56;66m▄[0m[48;2;1;135;167m[38;2;66;65;66m▄[0m[48;2;21;171;207m[38;2;66;65;66m▄[0m[48;2;66;65;66m[38;2;1;135;167m▄[0m[48;2;66;65;66m[38;2;21;171;207m▄[0m[48;2;171;170;179m[38;2;0;0;0m▄[0m[38;2;0;0;0m▀[0m[48;2;152;151;160m[38;2;8;4;8m▄[0m[48;2;203;202;211m[38;2;203;202;211m▄[0m[48;2;0;0;0m[38;2;0;0;0m▄[0m    
   [38;2;0;0;0m▄[0m[38;2;0;0;0m▄[0m[38;2;0;0;0m▄[0m[48;2;0;0;0m[38;2;1;128;159m▄[0m[48;2;1;133;166m[38;2;1;133;166m▄[0m[48;2;1;73;90m[38;2;0;12;8m▄[0m[48;2;1;129;160m[38;2;1;129;160m▄[0m[48;2;1;129;160m[38;2;1;129;160m▄[0m[48;2;66;65;66m[38;2;1;128;159m▄[0m[48;2;66;65;66m[38;2;66;65;66m▄[0m[48;2;23;173;209m[38;2;1;122;152m▄[0m[48;2;0;4;0m[38;2;23;173;209m▄[0m[38;2;0;0;0m▄[0m[38;2;0;0;0m▀[0m     
  [48;2;0;0;0m[38;2;0;0;0m▄[0m[48;2;21;171;207m[38;2;1;132;164m▄[0m[48;2;66;60;66m[38;2;21;171;207m▄[0m[48;2;23;173;209m[38;2;1;122;152m▄[0m[48;2;23;173;209m[38;2;0;4;0m▄[0m[38;2;0;0;0m▀[0m[38;2;0;0;0m▄[0m[48;2;0;0;0m[38;2;144;73;129m▄[0m[48;2;144;73;129m[38;2;144;73;129m▄[0m[48;2;122;51;107m[38;2;122;51;107m▄[0m[48;2;23;173;209m[38;2;122;51;107m▄[0m[48;2;1;129;160m[38;2;23;173;209m▄[0m[48;2;23;173;209m[38;2;23;173;209m▄[0m[48;2;60;58;82m[38;2;60;58;82m▄[0m[48;2;0;4;0m[38;2;183;182;191m▄[0m[38;2;0;0;0m▄[0m[38;2;0;0;0m▄[0m[38;2;0;0;0m▄[0m[48;2;0;0;0m[38;2;197;196;205m▄[0m[48;2;0;0;0m[38;2;0;0;0m▄[0m
   [38;2;0;0;0m▀[0m[38;2;0;0;0m▀[0m[38;2;0;0;0m▀[0m [48;2;0;0;0m[38;2;0;0;0m▄[0m[48;2;189;118;174m[38;2;189;118;174m▄[0m[48;2;66;65;66m[38;2;0;0;0m▄[0m[38;2;0;0;0m▀[0m[48;2;1;77;96m[38;2;0;24;8m▄[0m[48;2;29;179;215m[38;2;1;77;96m▄[0m[48;2;23;173;209m[38;2;0;0;0m▄[0m[38;2;0;0;0m▀[0m[38;2;0;0;0m▀[0m[48;2;171;170;179m[38;2;0;0;0m▄[0m[48;2;187;186;195m[38;2;0;0;0m▄[0m[48;2;187;186;195m[38;2;0;0;0m▄[0m[48;2;197;196;205m[38;2;0;0;0m▄[0m[38;2;0;0;0m▀[0m 
      [38;2;0;0;0m▀[0m[48;2;144;73;129m[38;2;0;0;0m▄[0m[48;2;144;73;129m[38;2;0;0;0m▄[0m[38;2;0;0;0m▀[0m[38;2;0;0;0m▄[0m[48;2;0;0;0m[38;2;193;122;178m▄[0m[48;2;143;72;128m[38;2;193;122;178m▄[0m[48;2;0;0;0m[38;2;0;0;0m▄[0m        
           [38;2;0;0;0m▀[0m[38;2;0;0;0m▀[0m         
