Dreepy
   [38;2;0;12;8m▄[0m[48;2;0;4;0m[38;2;230;239;54m▄[0m[48;2;0;4;0m[38;2;230;239;54m▄[0m[38;2;0;24;16m▄[0m [38;2;0;4;0m▄[0m[38;2;0;4;0m▄[0m[38;2;0;4;0m▄[0m[38;2;0;4;0m▄[0m            
   [48;2;0;12;8m[38;2;0;4;24m▄[0m[48;2;20;121;152m[38;2;247;239;140m▄[0m[48;2;88;166;142m[38;2;60;66;68m▄[0m[48;2;88;166;142m[38;2;60;66;68m▄[0m[48;2;0;4;0m[38;2;107;85;115m▄[0m[48;2;75;176;207m[38;2;181;154;119m▄[0m[48;2;73;174;205m[38;2;75;176;207m▄[0m[48;2;73;174;205m[38;2;75;176;207m▄[0m[48;2;75;176;207m[38;2;33;134;165m▄[0m[48;2;0;4;0m[38;2;74;175;206m▄[0m[48;2;0;4;0m[38;2;69;170;201m▄[0m[48;2;0;4;0m[38;2;152;207;130m▄[0m[48;2;0;4;0m[38;2;230;239;54m▄[0m[48;2;0;4;0m[38;2;230;239;54m▄[0m[48;2;0;4;0m[38;2;230;239;54m▄[0m[38;2;0;4;0m▄[0m     
  [48;2;0;4;0m[38;2;0;4;0m▄[0m[48;2;247;239;140m[38;2;33;134;165m▄[0m[48;2;123;121;82m[38;2;74;175;206m▄[0m[48;2;76;177;208m[38;2;33;134;165m▄[0m[48;2;33;134;165m[38;2;255;239;132m▄[0m[48;2;255;223;123m[38;2;0;4;16m▄[0m[48;2;255;223;123m[38;2;247;239;140m▄[0m[48;2;255;85;99m[38;2;255;101;107m▄[0m[48;2;75;176;207m[38;2;22;123;154m▄[0m[48;2;74;175;206m[38;2;74;175;206m▄[0m[48;2;74;175;206m[38;2;74;175;206m▄[0m[48;2;152;207;130m[38;2;152;207;130m▄[0m[48;2;230;239;54m[38;2;66;51;49m▄[0m[48;2;230;239;54m[38;2;0;4;0m▄[0m[38;2;0;4;0m▀[0m[38;2;0;4;0m▀[0m      
 [48;2;0;4;0m[38;2;0;4;0m▄[0m[48;2;33;134;165m[38;2;73;174;205m▄[0m[48;2;74;175;206m[38;2;74;175;206m▄[0m[48;2;74;175;206m[38;2;74;175;206m▄[0m[48;2;33;134;165m[38;2;74;175;206m▄[0m[48;2;255;239;132m[38;2;74;175;206m▄[0m[48;2;247;239;140m[38;2;74;175;206m▄[0m[48;2;164;160;98m[38;2;74;175;206m▄[0m[48;2;129;106;107m[38;2;143;137;137m▄[0m[48;2;22;123;154m[38;2;121;186;175m▄[0m[48;2;66;65;66m[38;2;198;93;107m▄[0m[48;2;66;65;66m[38;2;198;93;107m▄[0m[48;2;66;51;49m[38;2;255;85;99m▄[0m[48;2;0;24;16m[38;2;255;85;99m▄[0m[48;2;33;134;165m[38;2;66;65;66m▄[0m[48;2;0;4;0m[38;2;32;133;164m▄[0m[38;2;8;8;8m▄[0m[48;2;0;4;0m[38;2;30;131;162m▄[0m[48;2;0;4;0m[38;2;0;4;0m▄[0m [38;2;0;4;0m▄[0m[38;2;0;4;0m▄[0m 
[38;2;0;4;0m▀[0m[48;2;73;174;205m[38;2;0;4;0m▄[0m[48;2;73;174;205m[38;2;0;4;0m▄[0m[48;2;74;175;206m[38;2;0;4;0m▄[0m[48;2;74;175;206m[38;2;0;4;0m▄[0m[48;2;33;134;165m[38;2;0;4;0m▄[0m[48;2;57;69;74m[38;2;140;190;181m▄[0m[48;2;66;65;66m[38;2;140;190;181m▄[0m[48;2;66;65;66m[38;2;140;190;181m▄[0m[48;2;121;186;175m[38;2;140;190;181m▄[0m[48;2;165;89;99m[38;2;66;65;66m▄[0m[48;2;66;65;66m[38;2;198;93;107m▄[0m[48;2;66;65;66m[38;2;198;93;107m▄[0m[48;2;66;65;66m[38;2;156;131;127m▄[0m[48;2;66;65;66m[38;2;90;52;57m▄[0m[48;2;32;133;164m[38;2;140;190;181m▄[0m[48;2;32;133;164m[38;2;33;134;165m▄[0m[48;2;46;60;57m[38;2;74;175;206m▄[0m[48;2;78;179;210m[38;2;33;134;165m▄[0m[48;2;66;64;66m[38;2;57;73;74m▄[0m[48;2;0;4;0m[38;2;84;112;109m▄[0m[48;2;140;190;181m[38;2;140;190;181m▄[0m[48;2;140;190;181m[38;2;0;4;0m▄[0m[38;2;0;4;0m▀[0m
      [38;2;0;4;0m▀[0m[38;2;0;4;0m▀[0m[38;2;0;4;0m▀[0m[48;2;140;190;181m[38;2;0;4;8m▄[0m[48;2;140;190;181m[38;2;165;235;222m▄[0m[48;2;66;65;66m[38;2;173;235;214m▄[0m[48;2;66;65;66m[38;2;74;121;123m▄[0m[48;2;90;52;57m[38;2;170;235;211m▄[0m[48;2;222;211;198m[38;2;170;235;211m▄[0m[48;2;140;190;181m[38;2;173;231;206m▄[0m[48;2;33;134;165m[38;2;63;77;68m▄[0m[48;2;74;175;206m[38;2;57;72;76m▄[0m[48;2;33;134;165m[38;2;57;72;76m▄[0m[48;2;140;190;181m[38;2;140;190;181m▄[0m[48;2;140;190;181m[38;2;140;190;181m▄[0m[48;2;140;190;181m[38;2;0;4;0m▄[0m[38;2;0;4;0m▀[0m 
       [38;2;0;4;0m▄[0m[48;2;0;4;0m[38;2;140;190;181m▄[0m[48;2;82;119;115m[38;2;63;77;71m▄[0m[48;2;82;119;115m[38;2;173;231;214m▄[0m[48;2;173;235;214m[38;2;87;121;120m▄[0m[48;2;173;235;214m[38;2;165;235;214m▄[0m[48;2;170;235;211m[38;2;165;235;214m▄[0m[48;2;170;235;211m[38;2;82;119;107m▄[0m[48;2;63;77;68m[38;2;0;4;0m▄[0m[38;2;8;0;0m▀[0m[48;2;28;129;160m[38;2;0;4;0m▄[0m[38;2;8;0;0m▀[0m[38;2;0;4;0m▀[0m[38;2;0;4;0m▀[0m   
       [38;2;0;4;0m▀[0m[48;2;140;190;181m[38;2;0;4;0m▄[0m[38;2;8;0;0m▀[0m[48;2;173;231;214m[38;2;0;4;0m▄[0m[48;2;87;121;120m[38;2;173;235;214m▄[0m[48;2;49;65;74m[38;2;0;4;0m▄[0m[38;2;0;4;0m▀[0m[38;2;0;4;0m▀[0m         
           [38;2;0;4;0m▀[0m            
