Krabby
  [38;2;0;0;0m▄[0m[48;2;0;0;0m[38;2;197;90;66m▄[0m[48;2;0;0;0m[38;2;247;132;90m▄[0m[48;2;0;0;0m[38;2;247;132;90m▄[0m[38;2;0;0;0m▄[0m                     
 [38;2;0;0;0m▄[0m[48;2;0;0;0m[38;2;247;132;90m▄[0m[48;2;247;132;90m[38;2;247;132;90m▄[0m[48;2;247;132;90m[38;2;65;65;65m▄[0m[48;2;65;65;65m[38;2;0;0;0m▄[0m[38;2;0;0;0m▀[0m                     
[48;2;0;0;0m[38;2;0;0;0m▄[0m[48;2;247;132;90m[38;2;197;90;66m▄[0m[48;2;197;90;66m[38;2;197;90;66m▄[0m[48;2;65;65;65m[38;2;65;65;65m▄[0m[48;2;65;65;65m[38;2;65;65;65m▄[0m[48;2;0;0;0m[38;2;65;65;65m▄[0m[48;2;0;0;0m[38;2;247;132;90m▄[0m[38;2;0;0;0m▄[0m              [38;2;0;0;0m▄[0m[48;2;0;0;0m[38;2;247;132;90m▄[0m[48;2;0;0;0m[38;2;197;90;66m▄[0m[38;2;0;0;0m▄[0m  
[38;2;0;0;0m▀[0m[48;2;197;90;66m[38;2;0;0;0m▄[0m[48;2;197;90;66m[38;2;197;90;66m▄[0m[48;2;197;90;66m[38;2;197;90;66m▄[0m[48;2;65;65;65m[38;2;65;65;65m▄[0m[48;2;65;65;65m[38;2;247;132;90m▄[0m[48;2;247;132;90m[38;2;247;132;90m▄[0m[48;2;247;132;90m[38;2;197;90;66m▄[0m[48;2;0;0;0m[38;2;0;0;0m▄[0m [38;2;0;0;0m▄[0m         [38;2;0;0;0m▄[0m[38;2;0;0;0m▀[0m[48;2;247;132;90m[38;2;0;0;0m▄[0m[48;2;247;132;90m[38;2;247;132;90m▄[0m[48;2;247;132;90m[38;2;247;132;90m▄[0m[48;2;247;132;90m[38;2;247;132;90m▄[0m[48;2;0;0;0m[38;2;197;90;66m▄[0m[38;2;0;0;0m▄[0m
 [38;2;0;0;0m▄[0m[48;2;0;0;0m[38;2;247;206;156m▄[0m[48;2;65;65;65m[38;2;181;148;123m▄[0m[48;2;197;90;66m[38;2;65;65;65m▄[0m[48;2;197;90;66m[38;2;65;65;65m▄[0m[48;2;0;0;0m[38;2;0;0;0m▄[0m[38;2;0;0;0m▀[0m [48;2;0;0;0m[38;2;0;0;0m▄[0m[48;2;247;132;90m[38;2;247;132;90m▄[0m[48;2;0;0;0m[38;2;0;0;0m▄[0m [38;2;0;0;0m▄[0m[48;2;0;0;0m[38;2;247;132;90m▄[0m[38;2;0;0;0m▄[0m  [38;2;0;0;0m▄[0m[48;2;0;0;0m[38;2;197;90;66m▄[0m[48;2;247;132;90m[38;2;247;132;90m▄[0m[48;2;0;0;0m[38;2;65;65;65m▄[0m[48;2;65;65;65m[38;2;65;65;65m▄[0m[48;2;65;65;65m[38;2;65;65;65m▄[0m[48;2;247;132;90m[38;2;247;132;90m▄[0m[48;2;247;132;90m[38;2;247;132;90m▄[0m[48;2;247;132;90m[38;2;247;132;90m▄[0m[48;2;0;0;0m[38;2;0;0;0m▄[0m
 [38;2;0;0;0m▀[0m[48;2;247;206;156m[38;2;0;0;0m▄[0m[48;2;247;206;156m[38;2;247;206;156m▄[0m[48;2;247;206;156m[38;2;247;206;156m▄[0m[48;2;247;206;156m[38;2;65;65;65m▄[0m[48;2;0;0;0m[38;2;181;148;123m▄[0m[38;2;0;0;0m▄[0m[48;2;0;0;0m[38;2;247;132;90m▄[0m[48;2;255;255;255m[38;2;255;255;255m▄[0m[48;2;247;132;90m[38;2;0;0;0m▄[0m[48;2;247;132;90m[38;2;247;132;90m▄[0m[48;2;0;0;0m[38;2;247;132;90m▄[0m[48;2;247;132;90m[38;2;247;132;90m▄[0m[48;2;247;132;90m[38;2;247;132;90m▄[0m[48;2;197;90;66m[38;2;247;132;90m▄[0m[48;2;0;0;0m[38;2;247;132;90m▄[0m[38;2;0;0;0m▄[0m[38;2;0;0;0m▀[0m[48;2;197;90;66m[38;2;0;0;0m▄[0m[48;2;197;90;66m[38;2;197;90;66m▄[0m[48;2;65;65;65m[38;2;197;90;66m▄[0m[48;2;65;65;65m[38;2;65;65;65m▄[0m[48;2;197;90;66m[38;2;197;90;66m▄[0m[48;2;247;132;90m[38;2;197;90;66m▄[0m[48;2;247;132;90m[38;2;197;90;66m▄[0m[48;2;197;90;66m[38;2;0;0;0m▄[0m[38;2;0;0;0m▀[0m
   [38;2;0;0;0m▀[0m[48;2;181;148;123m[38;2;0;0;0m▄[0m[48;2;181;148;123m[38;2;65;65;65m▄[0m[48;2;65;65;65m[38;2;65;65;65m▄[0m[48;2;247;206;156m[38;2;181;148;123m▄[0m[48;2;65;65;65m[38;2;65;65;65m▄[0m[48;2;247;132;90m[38;2;197;90;66m▄[0m[48;2;255;255;255m[38;2;247;132;90m▄[0m[48;2;247;132;90m[38;2;247;132;90m▄[0m[48;2;247;132;90m[38;2;255;255;255m▄[0m[48;2;255;255;255m[38;2;255;255;255m▄[0m[48;2;0;0;0m[38;2;255;255;255m▄[0m[48;2;255;255;255m[38;2;255;255;255m▄[0m[48;2;247;132;90m[38;2;197;90;66m▄[0m[48;2;247;132;90m[38;2;65;65;65m▄[0m[48;2;0;0;0m[38;2;0;0;0m▄[0m[38;2;0;0;0m▄[0m[48;2;65;65;65m[38;2;247;206;156m▄[0m[48;2;65;65;65m[38;2;247;206;156m▄[0m[48;2;197;90;66m[38;2;65;65;65m▄[0m[48;2;197;90;66m[38;2;0;0;0m▄[0m[48;2;197;90;66m[38;2;0;0;0m▄[0m[38;2;0;0;0m▀[0m  
  [38;2;0;0;0m▄[0m[48;2;0;0;0m[38;2;181;148;123m▄[0m[48;2;181;148;123m[38;2;132;107;82m▄[0m[48;2;181;148;123m[38;2;0;0;0m▄[0m[38;2;0;0;0m▀[0m[48;2;247;206;156m[38;2;0;0;0m▄[0m[48;2;247;206;156m[38;2;247;206;156m▄[0m[48;2;65;65;65m[38;2;181;148;123m▄[0m[48;2;197;90;66m[38;2;65;65;65m▄[0m[48;2;197;90;66m[38;2;197;90;66m▄[0m[48;2;197;90;66m[38;2;65;65;65m▄[0m[48;2;197;90;66m[38;2;65;65;65m▄[0m[48;2;197;90;66m[38;2;65;65;65m▄[0m[48;2;197;90;66m[38;2;65;65;65m▄[0m[48;2;65;65;65m[38;2;247;206;156m▄[0m[48;2;247;206;156m[38;2;65;65;65m▄[0m[48;2;247;206;156m[38;2;247;206;156m▄[0m[48;2;65;65;65m[38;2;247;206;156m▄[0m[48;2;181;148;123m[38;2;65;65;65m▄[0m[48;2;247;206;156m[38;2;65;65;65m▄[0m[48;2;247;206;156m[38;2;65;65;65m▄[0m[48;2;0;0;0m[38;2;0;0;0m▄[0m    
  [38;2;0;0;0m▀[0m[38;2;0;0;0m▀[0m[38;2;0;0;0m▀[0m  [38;2;0;0;0m▀[0m[48;2;247;206;156m[38;2;0;0;0m▄[0m[48;2;247;206;156m[38;2;181;148;123m▄[0m[48;2;65;65;65m[38;2;247;206;156m▄[0m[48;2;65;65;65m[38;2;247;206;156m▄[0m[48;2;247;206;156m[38;2;247;206;156m▄[0m[48;2;247;206;156m[38;2;247;206;156m▄[0m[48;2;247;206;156m[38;2;181;148;123m▄[0m[48;2;132;107;82m[38;2;181;148;123m▄[0m[48;2;247;206;156m[38;2;132;107;82m▄[0m[48;2;65;65;65m[38;2;181;148;123m▄[0m[48;2;65;65;65m[38;2;181;148;123m▄[0m[48;2;247;206;156m[38;2;0;0;0m▄[0m[48;2;247;206;156m[38;2;65;65;65m▄[0m[48;2;0;0;0m[38;2;181;148;123m▄[0m[48;2;132;107;82m[38;2;0;0;0m▄[0m[48;2;132;107;82m[38;2;132;107;82m▄[0m[48;2;0;0;0m[38;2;132;107;82m▄[0m[38;2;0;0;0m▄[0m  
         [38;2;0;0;0m▀[0m[38;2;0;0;0m▀[0m[48;2;181;148;123m[38;2;0;0;0m▄[0m[48;2;181;148;123m[38;2;0;0;0m▄[0m[48;2;181;148;123m[38;2;0;0;0m▄[0m[48;2;181;148;123m[38;2;0;0;0m▄[0m[48;2;181;148;123m[38;2;0;0;0m▄[0m[48;2;181;148;123m[38;2;0;0;0m▄[0m[38;2;0;0;0m▀[0m[38;2;0;0;0m▀[0m [38;2;0;0;0m▀[0m[48;2;181;148;123m[38;2;0;0;0m▄[0m[48;2;181;148;123m[38;2;181;148;123m▄[0m[48;2;0;0;0m[38;2;0;0;0m▄[0m[38;2;0;0;0m▀[0m[38;2;0;0;0m▀[0m  
                      [38;2;0;0;0m▀[0m[38;2;0;0;0m▀[0m    
